0.87325707 0.222717753 0.433380771
0.933983515 0.0421048982 -0.354826677
0.474230235 0.456854026 0.75258892
0.492731712 -0.129171941 -0.860540568
0.010128911 0.40497893 0.914269912
0.543321089 0.233682862 -0.806346398
0.698256178 0.681882483 -0.217886645
0.404981298 0.764255442 0.501900156
0.343908924 0.93415959 -0.0952497353
0.195051858 0.833544498 -0.516873623
0.130502244 0.912114029 0.388609268
-0.0632195158 0.236597063 -0.969548928
-0.187545554 0.747401122 -0.637352514
-0.418201486 0.865470289 -0.27580554
-0.362955763 0.232568134 -0.902316561
-0.471158209 0.73100027 0.493607686
-0.777933252 0.49981843 -0.380790484
-0.864519888 0.502532948 0.00812396612
-0.96672924 0.142390103 0.212507964
-0.951226902 -0.180199054 -0.250391056
-0.449404749 -0.402805961 -0.797359849
-0.914079394 -0.403947962 -0.0358455889
-0.581451821 0.0311390298 0.812984712
-0.685292494 -0.623812256 -0.375809082
-0.783614901 -0.352762709 0.511376728
-0.529185544 -0.481419898 0.698711344
-0.344817825 -0.935282024 -0.0796756118
-0.109619054 -0.684031025 -0.721169342
-0.106559622 -0.803652501 0.585480746
0.125067322 -0.456806946 0.88073014
0.214089696 -0.974959511 -0.0601627197
0.459149324 -0.741396708 0.489400469
0.558073669 -0.825925685 0.0800033956
0.325589471 -0.737606353 -0.591547432
0.455646022 -0.209297007 0.865206025
0.817196194 -0.436629484 0.376224766
0.837327731 -0.410968743 -0.360537048
0.779681247 0.601790191 0.173048317
0.585106361 0.403808979 -0.703270115
-0.391513038 0.912781125 0.116396557
-0.25882638 -0.161537767 -0.952320563
-0.459110823 0.455955058 0.762444908
-0.645846659 -0.408553562 -0.644954324
-0.373851594 -0.634149465 -0.676823051
0.0208887114 0.960904682 -0.276090302
-0.423937232 -0.579074527 -0.696383454
0.150629045 0.945312589 -0.289300883
0.128658894 0.987238219 0.0938487558
0.103579008 0.904000233 -0.41479509
0.0838090771 0.90024082 -0.427249932
-0.0940668616 0.745888051 -0.659395512
-0.15714444 0.980571792 -0.117407774
-0.221359199 0.583869732 -0.781086577
-0.263358289 0.608702521 -0.748414092
-0.340606031 0.923719632 0.175298524
-0.29557152 0.0356149737 -0.954656509
-0.380368747 0.0743015013 -0.921845379
-0.537968057 -0.401567933 -0.741170402
-0.493796076 -0.439122712 -0.750557578
-0.544290066 0.209659059 0.812275447
-0.0916357028 -0.966849683 -0.23833713
-0.0722616969 -0.939016891 -0.336192691
0.0868826023 -0.977600787 -0.191697977
0.512385258 0.36033309 0.779500745
0.734701561 -0.190090668 -0.651213601
0.77555386 0.455110832 0.437481818
0.633855071 0.616945739 0.466482265
0.121839027 0.908557586 -0.399597753
0.0526380163 0.836342966 -0.545673604
0.00145488694 0.930364108 0.366634026
-0.312849513 0.552139184 -0.772830838
-0.39333298 0.347368361 -0.851248723
-0.531090215 0.180924141 -0.827773905
-0.387181036 -0.0360978509 -0.921296798
-0.53591668 0.458772761 0.708745981
-0.53654179 0.136761408 0.832717974
-0.20072782 0.212861521 0.956241766
-0.00922011128 -0.259965947 0.965573765
0.443786696 -0.312575287 0.839851212
0.602933773 -0.584140098 -0.543370234
0.644928012 -0.497966333 -0.579739071
0.542803032 0.42079466 0.726840232
-0.591872317 0.335179706 0.733035965
-0.460368022 -0.887051454 -0.0346554911
-0.247869319 -0.947190755 -0.203446488
0.963482684 0.155291563 0.21814135
-0.0593000314 -0.961126084 -0.269666751
0.462042032 0.511891279 0.724213007
0.82024849 0.552639098 0.147588758
0.498865795 0.863795399 0.0706429535
0.443248203 0.874592098 0.196518936
0.389160248 0.861002727 0.327457792
0.227242296 0.95678379 0.181454452
0.224702569 0.85504524 -0.467339698
0.12914583 0.708703366 -0.693585535
0.113010605 0.745530721 -0.656820027
0.106419813 0.866410859 -0.487859658
0.0908332424 0.995128896 -0.0383119216
0.0734551043 0.534107048 -0.842219692
0.00096719193 0.971245521 0.238078143
-0.137165077 0.260965778 -0.955553559
-0.26343472 0.450798744 -0.852867305
-0.481415543 0.546273422 -0.685437396
-0.442649217 0.00855977483 -0.896654003
-0.852456369 0.499834201 0.15324461
-0.617582108 -0.114636967 -0.77810713
-0.917814416 0.310366853 0.247566385
-0.907465743 -0.283824865 -0.309756954
-0.351482687 -0.424475628 -0.834434157
-0.983209544 -0.175867302 0.0486794154
-0.761248996 0.0724052082 0.644404727
-0.945854158 -0.165762824 0.279074538
-0.752584845 -0.491145431 -0.438625372
-0.539643644 -0.550197344 -0.637234353
-0.832543409 -0.292149675 0.470659155
-0.61817747 -0.196851348 0.760990251
-0.57709947 -0.69385911 -0.430715378
-0.514950457 -0.696014366 -0.500389877
-0.669484464 -0.357567281 0.651103826
-0.706073659 -0.708114535 0.00581321553
-0.519310792 -0.742355654 -0.423349011
-0.644002972 -0.750621918 0.147739325
-0.444762314 -0.819082017 -0.362341183
-0.554715545 -0.711928204 0.430637779
-0.452849106 -0.886466737 -0.0954170405
-0.450963045 -0.892369293 0.0175891136
-0.194005353 -0.0501261308 0.979718987
-0.355255514 -0.64331318 0.678189998
-0.316205013 -0.942680655 -0.106618822
-0.347644171 -0.916588129 0.197508815
-0.286799854 -0.527336399 0.799788826
-0.206787934 -0.970329646 0.125296167
-0.0853649242 -0.841268512 -0.533835294
-0.428071069 -0.903295455 0.0285040397
-0.0789767328 -0.890967838 -0.447145376
-0.0786731827 -0.2416482 0.967169415
-0.0718230226 -0.88051678 0.468542051
0.0793590414 -0.990452255 -0.112722997
0.109954924 -0.99323775 -0.0372650995
0.233943582 -0.964184889 -0.124971595
0.311963475 -0.29864263 0.901937564
0.439561508 -0.733320499 0.518677864
0.550101988 -0.347147244 0.759523925
0.350864027 0.0795732294 0.933039407
0.803469951 -0.593612308 -0.0453923539
0.448214351 -0.540421399 -0.712073456
0.855850531 -0.00934833788 0.517138741
0.937098025 -0.107007365 0.332260012
0.413574757 -0.13343607 -0.90063907
0.81967862 0.502727207 -0.274576612
0.514649593 0.767834398 0.381531302
-0.433450233 -0.0319354702 -0.900611471
-0.407982908 -0.227912662 -0.884084705
-0.632656698 -0.329094438 -0.701029496
-0.231800409 -0.706733722 -0.668428019
0.273345231 -0.759411242 0.590404057
0.27977167 -0.95973896 0.0250786942
-0.443923135 -0.845625388 0.296394927