356 1 0.0 0.9905273
-1.418676e6 0.9765474 160.816 10.8942
3360.905 0.9900422 -1.407036e6 0.9767366
161.067 10.6265 7655.044 0.9899306
-1.401780e6 0.9768212 161.628 10.3197
12404.73 0.9901525 -1.403856e6 0.9767865
162.419 9.98609 16877.42 0.9907386
-1.412868e6 0.9766392 163.341 9.7042
0.0 0.0 0.0 0.0
0.0 0.0 0.0 0.0
0.0 0.0 0.0 0.0
0.0 0.0 0.0 0.0
0.0 0.0 0.0 0.0
0.0 0.0 0.0 0.0
0.0 0.0 0.0 0.0
0.0 0.0 0.0 0.0
0.0 0.0 0.0 0.0
0.0 0.0 0.0 0.0
0.0 0.0 0.0 0.0
0.0 0.0 0.0 0.0
0.0 0.0 0.0 0.0
0.0 0.0 0.0 0.0
0.0 0.0 0.0 0.0
356 2 0.0 0.9857117
-1.426555e6 0.9763992 160.159 9.4362
3360.905 0.9863396 -1.414405e6 0.9765974
160.718 9.4625 7655.044 0.9864880
-1.409265e6 0.9766807 161.351 9.2217
12404.73 0.9862899 -1.412021e6 0.9766345
162.021 8.7744 16877.42 0.9856995
-1.421996e6 0.9764704 162.618 8.1619
0.0 0.0 0.0 0.0
0.0 0.0 0.0 0.0
0.0 0.0 0.0 0.0
0.0 0.0 0.0 0.0
0.0 0.0 0.0 0.0
0.0 0.0 0.0 0.0
0.0 0.0 0.0 0.0
0.0 0.0 0.0 0.0
0.0 0.0 0.0 0.0
0.0 0.0 0.0 0.0
0.0 0.0 0.0 0.0
0.0 0.0 0.0 0.0
0.0 0.0 0.0 0.0
0.0 0.0 0.0 0.0
0.0 0.0 0.0 0.0
356 1 8002.341 56.497
15.015 14.622 6570592.0 310.8243
684.5038 10.0 4221.827032 215.2241
4.22 721.0 0.0 0.0
356 2 13279.21 56.808
15.997 13.706 6574182.0 308.6854
682.1127 10.0 4221.827032 215.2241
4.22 721.0 0.0 0.0
356 46222.43 3.52804345657 0.26251596
0.0 0.0 0.0 0.0
7655.039 16877.41 0.0 72.00731
23.78576 -9.22083 3.813349 -0.38106
0.0 7655.039 90.00694 17.56239
-0.23654 -0.65216 1.31788 7655.039
9222.375 0.0 0.0 0.0
0.0 0.0 16877.41 0.0