318 1 -1.000 0.9972300
-1773597.0 0.9706600 -49.6784660 5.7976053
0.000 0.9972300 -1773597.0 0.9706600
-49.6784660 5.7976053 0.000 0.9972300
-1773597.0 0.9706600 -49.6784660 5.7976053
0.000 0.9972300 -1773597.0 0.9706600
-49.6784660 5.7976053 0.000 0.9972300
-1773597.0 0.9706600 -49.6784660 5.7976053
0.000 0.0000000 0.0 0.0000000
0.0000000 0.0000000 0.000 0.0000000
0.0 0.0000000 0.0000000 0.0000000
0.000 0.0000000 0.0 0.0000000
0.0000000 0.0000000 0.000 0.0000000
0.0 0.0000000 0.0000000 0.0000000
0.000 0.0000000 0.0 0.0000000
0.0000000 0.0000000 0.000 0.0000000
0.0 0.0000000 0.0000000 0.0000000
0.000 0.0000000 0.0 0.0000000
0.0000000 0.0000000 0.000 0.0000000
0.0 0.0000000 0.0000000 0.0000000
0.000 0.0000000 0.0 0.0000000
0.0000000 0.0000000 0.000 0.0000000
0.0 0.0000000 0.0000000 0.0000000
318 2 -1.000 0.9972300
-1773597.0 0.9706600 -49.6784660 5.7976053
0.000 0.9972300 -1773597.0 0.9706600
-49.6784660 5.7976053 0.000 0.9972300
-1773597.0 0.9706600 -49.6784660 5.7976053
0.000 0.9972300 -1773597.0 0.9706600
-49.6784660 5.7976053 0.000 0.9972300
-1773597.0 0.9706600 -49.6784660 5.7976053
0.000 0.0000000 0.0 0.0000000
0.0000000 0.0000000 0.000 0.0000000
0.0 0.0000000 0.0000000 0.0000000
0.000 0.0000000 0.0 0.0000000
0.0000000 0.0000000 0.000 0.0000000
0.0 0.0000000 0.0000000 0.0000000
0.000 0.0000000 0.0 0.0000000
0.0000000 0.0000000 0.000 0.0000000
0.0 0.0000000 0.0000000 0.0000000
0.000 0.0000000 0.0 0.0000000
0.0000000 0.0000000 0.000 0.0000000
0.0 0.0000000 0.0000000 0.0000000
0.000 0.0000000 0.0 0.0000000
0.0000000 0.0000000 0.000 0.0000000
0.0 0.0000000 0.0000000 0.0000000
318 1 7482.469 59.8724280
14.5697040 14.2696800 6569733.0 247.6742
533.0518 97.89 4221.8270320 215.2241000
2.8816000 721.0000000 0.0 0.0000
318 2 12790.790 60.5277180
15.7563036 14.2696800 6573009.0 330.0071
627.8661 1.00 4221.8270320 215.2241000
2.8816000 721.0000000 0.0 0.0000
318 58920.000 0.0000000000 0.262515880368000
0.0000000 0.0000000 -0.2740000 0.000
10984.200 16503.100 0.000 1.2571432069
0.0000000000 0.0000000000 0.0000000000 0.0000000000
0.000 10984.200 0.0000000 0.0000000
0.0000000000 0.0000000000 0.0000000000 10984.200
5518.900 0.0000000000 0.0000000000 0.0000000000
0.0000000000 0.0000000000 16503.100 1233.600