199 1 0.000 0.9919227
-1491620.0 0.9753124 17.6360436 9.9820458
3200.599 0.9919549 -1494251.0 0.9752654
18.0669060 10.1936322 7210.982 0.9919603
-1495610.0 0.9752404 18.5686560 10.4412402
11648.930 0.9919357 -1495598.0 0.9752398
19.0918080 10.6982838 15889.650 0.9918588
-1493748.0 0.9752716 19.5486840 10.9235862
0.000 0.0000000 0.0 0.0000000
0.0000000 0.0000000 0.000 0.0000000
0.0 0.0000000 0.0000000 0.0000000
0.000 0.0000000 0.0 0.0000000
0.0000000 0.0000000 0.000 0.0000000
0.0 0.0000000 0.0000000 0.0000000
0.000 0.0000000 0.0 0.0000000
0.0000000 0.0000000 0.000 0.0000000
0.0 0.0000000 0.0000000 0.0000000
0.000 0.0000000 0.0 0.0000000
0.0000000 0.0000000 0.000 0.0000000
0.0 0.0000000 0.0000000 0.0000000
0.000 0.0000000 0.0 0.0000000
0.0000000 0.0000000 0.000 0.0000000
0.0 0.0000000 0.0000000 0.0000000
199 2 0.000 0.9917374
-1490707.0 0.9753191 18.2379420 10.2754314
3200.599 0.9918823 -1494022.0 0.9752618
18.7177500 10.5142824 7210.982 0.9919418
-1495703.0 0.9752321 19.2438000 10.7723880
11648.930 0.9919378 -1495628.0 0.9752322
19.7749980 11.0321424 15889.650 0.9916126
-1493097.0 0.9752743 20.1296520 11.1981564
0.000 0.0000000 0.0 0.0000000
0.0000000 0.0000000 0.000 0.0000000
0.0 0.0000000 0.0000000 0.0000000
0.000 0.0000000 0.0 0.0000000
0.0000000 0.0000000 0.000 0.0000000
0.0 0.0000000 0.0000000 0.0000000
0.000 0.0000000 0.0 0.0000000
0.0000000 0.0000000 0.000 0.0000000
0.0 0.0000000 0.0000000 0.0000000
0.000 0.0000000 0.0 0.0000000
0.0000000 0.0000000 0.000 0.0000000
0.0 0.0000000 0.0000000 0.0000000
0.000 0.0000000 0.0 0.0000000
0.0000000 0.0000000 0.000 0.0000000
0.0 0.0000000 0.0000000 0.0000000
199 1 7992.859 59.8030920
14.5075356 14.4205182 6571617.0 234.3459
532.8922 111.00 4221.8270320 215.2241000
2.3500000 769.4000000 0.0 0.0000
199 2 13302.360 60.5011500
15.8288904 13.8566142 6574860.0 329.8546
627.7193 1.00 4221.8270320 215.2241000
2.5000000 769.4000000 0.0 0.0000
199 49043.910 1.0447702520 0.0000729211
0.0000000 0.0000000 -0.2740000 0.000
9925.508 15889.640 0.000 1.2569832649
0.5639064565 -0.3018844974 0.2113242564 -0.0630515446
0.000 9925.508 1.6674989 0.2082644
0.0008689812 0.0030223092 0.0052959964 9925.508
5964.137 0.0000000000 0.0000000000 0.0000000000
0.0000000000 0.0000000000 15889.640 0.000