202 1 0.000 0.9951187
-1791687.0 0.9703422 60.2280900 25.5315780
1454.224 0.9951818 -1788411.0 0.9703914
60.5098260 25.5947580 4650.124 0.9952637
-1787573.0 0.9704022 61.0740540 25.7119020
10168.740 0.9951653 -1790293.0 0.9703558
61.8880500 25.8747660 16322.470 0.9950764
-1795223.0 0.9702764 62.8061580 26.0481420
0.000 0.0000000 0.0 0.0000000
0.0000000 0.0000000 0.000 0.0000000
0.0 0.0000000 0.0000000 0.0000000
0.000 0.0000000 0.0 0.0000000
0.0000000 0.0000000 0.000 0.0000000
0.0 0.0000000 0.0000000 0.0000000
0.000 0.0000000 0.0 0.0000000
0.0000000 0.0000000 0.000 0.0000000
0.0 0.0000000 0.0000000 0.0000000
0.000 0.0000000 0.0 0.0000000
0.0000000 0.0000000 0.000 0.0000000
0.0 0.0000000 0.0000000 0.0000000
0.000 0.0000000 0.0 0.0000000
0.0000000 0.0000000 0.000 0.0000000
0.0 0.0000000 0.0000000 0.0000000
202 2 0.000 0.9948877
-1792817.0 0.9703126 60.9799500 25.6699440
1454.224 0.9951182 -1789441.0 0.9703664
61.3628200 25.7686560 4650.124 0.9952577
-1788428.0 0.9703812 61.9656480 25.8909480
10168.740 0.9951215 -1791181.0 0.9703335
62.7592320 26.0432100 16322.470 0.9948141
-1796255.0 0.9702486 63.5508000 26.1644040
0.000 0.0000000 0.0 0.0000000
0.0000000 0.0000000 0.000 0.0000000
0.0 0.0000000 0.0000000 0.0000000
0.000 0.0000000 0.0 0.0000000
0.0000000 0.0000000 0.000 0.0000000
0.0 0.0000000 0.0000000 0.0000000
0.000 0.0000000 0.0 0.0000000
0.0000000 0.0000000 0.000 0.0000000
0.0 0.0000000 0.0000000 0.0000000
0.000 0.0000000 0.0 0.0000000
0.0000000 0.0000000 0.000 0.0000000
0.0 0.0000000 0.0000000 0.0000000
0.000 0.0000000 0.0 0.0000000
0.0000000 0.0000000 0.000 0.0000000
0.0 0.0000000 0.0000000 0.0000000
202 1 8456.008 61.4445840
14.4885510 14.2640352 6573503.0 233.2863
532.6813 111.00 4221.8270320 215.2241000
2.3500000 769.4000000 0.0 0.0000
202 2 13764.960 60.4011780
14.1505236 13.7720484 6576607.0 328.9568
627.5720 1.00 4221.8270320 215.2241000
2.5000000 769.4000000 0.0 0.0000
202 50837.940 1.2272009670 0.262515880368000
0.0000000 0.0000000 -0.2740000 0.000
2407.754 10650.100 16322.470 1.2569298579
0.3902445554 -0.3268227112 0.2256885605 -0.0720340178
0.000 2407.754 1.4744324 0.4362167
-0.3749305478 0.3034203278 -0.0993479040 2407.754
8242.344 1.7399701487 0.1417114641 -0.0020157445
0.0046438771 0.0006425823 10650.100 5672.371