197 1 0.0 9.920430e-1
-1.437084e6 0.9762203 -3.9672469 -1.43693784
3.787330e3 9.920134e-1 -1.437508e6 0.9762098
-3.5403048 -1.20845016 8.014146e3 9.919893e-1
-1.438535e6 0.9761908 -3.0603492 -0.94878504
1.216958e4 9.920496e-1 -1.439902e6 0.9761679
-2.5546734 -0.67541562 1.578403e4 9.919988e-1
-1.441497e6 0.9761432 -2.1563694 -0.45894924
0.0 0.0 0.0 0.0
0.0 0.0 0.0 0.0
0.0 0.0 0.0 0.0
0.0 0.0 0.0 0.0
0.0 0.0 0.0 0.0
0.0 0.0 0.0 0.0
0.0 0.0 0.0 0.0
0.0 0.0 0.0 0.0
0.0 0.0 0.0 0.0
0.0 0.0 0.0 0.0
0.0 0.0 0.0 0.0
0.0 0.0 0.0 0.0
0.0 0.0 0.0 0.0
0.0 0.0 0.0 0.0
0.0 0.0 0.0 0.0
197 2 0.0 9.919455e-1
-1.437896e6 0.9761986 -3.3542172 -1.10821716
3.787330e3 9.920943e-1 -1.438721e6 0.9762098
-2.856465 -0.83816676 8.014146e3 9.920509e-1
-1.440037e6 0.9761590 -2.3840028 -0.58344228
1.216958e4 9.919945e-1 -1.441598e6 0.9761327
-1.9253538 -0.33518052 1.578403e4 9.919400e-1
-1.442834e6 0.9761128 -1.53037296 -0.122085864
0.0 0.0 0.0 0.0
0.0 0.0 0.0 0.0
0.0 0.0 0.0 0.0
0.0 0.0 0.0 0.0
0.0 0.0 0.0 0.0
0.0 0.0 0.0 0.0
0.0 0.0 0.0 0.0
0.0 0.0 0.0 0.0
0.0 0.0 0.0 0.0
0.0 0.0 0.0 0.0
0.0 0.0 0.0 0.0
0.0 0.0 0.0 0.0
0.0 0.0 0.0 0.0
0.0 0.0 0.0 0.0
0.0 0.0 0.0 0.0
197 1 7.682469e3 59.872428
14.569704 14.4909 6.569733e6 234.5642
533.0518 111.0 4234.8005 187.32883
2.35 769.4 0.0 0.0
197 2 1.299079e4 60.527718
15.7563036 13.8871494 6.573009e6 330.0071
627.8661 1.0 4201.5453 214.44062
2.5 769.4 0.0 0.0
197 4.868768e4 0.9856278853 0.26251596
0.0 0.0 0.0 0.0
1.277213e4 1.578403e4 0.0 1.256969441938667
5.810915966750740e-01 -2.244246349255795e-01 1.745958652629184e-01 -3.640530974054963e-02
0.0 1.277213e4 1.752048315828902 1.219469192910562e-01
8.735616205129349e-03 1.492618421928845e-04  2.076684164369073e-03 1.277213e4
3.011898e3 0.0 0.0 0.0
0.0 0.0 1.578403e4 0.0