138 1 0.000 0.9925400
-1307603.0 0.9783600 100.8146300 -23.1432290
5619.079 0.9925400 -1307603.0 0.9783600
100.8146300 -23.1432290 10777.410 0.9925400
-1403676.0 0.9768500 100.8146300 -23.1432290
13744.370 0.9925400 -1408676.0 0.9767500
100.8146300 -23.1432290 0.000 0.9925400
-1413676.0 0.9766500 0.0000000 0.0000000
0.000 0.0000000 0.0 0.0000000
0.0000000 0.0000000 0.000 0.0000000
0.0 0.0000000 0.0000000 0.0000000
0.000 0.0000000 0.0 0.0000000
0.0000000 0.0000000 0.000 0.0000000
0.0 0.0000000 0.0000000 0.0000000
0.000 0.0000000 0.0 0.0000000
0.0000000 0.0000000 0.000 0.0000000
0.0 0.0000000 0.0000000 0.0000000
0.000 0.0000000 0.0 0.0000000
0.0000000 0.0000000 0.000 0.0000000
0.0 0.0000000 0.0000000 0.0000000
0.000 0.0000000 0.0 0.0000000
0.0000000 0.0000000 0.000 0.0000000
0.0 0.0000000 0.0000000 0.0000000
138 2 0.000 -1.0000000
-1426555.0 0.9763500 100.8146300 -23.1432290
5619.079 0.0000000 -1416555.0 0.9765500
100.8146300 -23.1432290 10777.410 0.0000000
-1411555.0 0.9766500 100.8146300 -23.1432290
13744.370 0.0000000 -1416555.0 0.9766500
100.8146300 -23.1432290 0.000 0.0000000
-1426555.0 0.9765500 0.0000000 0.0000000
0.000 0.0000000 0.0 0.0000000
0.0000000 0.0000000 0.000 0.0000000
0.0 0.0000000 0.0000000 0.0000000
0.000 0.0000000 0.0 0.0000000
0.0000000 0.0000000 0.000 0.0000000
0.0 0.0000000 0.0000000 0.0000000
0.000 0.0000000 0.0 0.0000000
0.0000000 0.0000000 0.000 0.0000000
0.0 0.0000000 0.0000000 0.0000000
0.000 0.0000000 0.0 0.0000000
0.0000000 0.0000000 0.000 0.0000000
0.0 0.0000000 0.0000000 0.0000000
0.000 0.0000000 0.0 0.0000000
0.0000000 0.0000000 0.000 0.0000000
0.0 0.0000000 0.0000000 0.0000000
138 1 6977.341 59.8724280
14.5697040 14.2696800 6573100.0 224.5642
533.0518 121.00 4221.8270320 215.2241000
2.8816000 721.0000000 0.0 0.0000
138 2 12254.210 60.5277180
15.7563036 14.0520726 6589880.0 330.0071
627.8661 1.00 4221.8270320 215.2241000
2.8816000 721.0000000 0.0 0.0000
138 60540.000 -2.7734875377 0.262515880368000
0.0000000 0.0000000 0.0000000 0.000
1000.000 2000.000 3000.000 1.2571257536
0.0000000000 0.0000000000 0.0000000000 0.0000000000
0.000 1.000 0.0000000 0.0000000
0.0000000000 0.0000000000 0.0000000000 0.000
1.000 0.0000000000 0.0000000000 0.0000000000
0.0000000000 0.0000000000 0.000 1.000