31 1 0.000 0.9958662
-1674269.0 0.9723098 -114.3824940 -26.6469120
5619.079 0.9955362 -1654607.0 0.9726332
-114.3447480 -26.6454900 10777.410 0.9950941
-1632856.0 0.9729937 -114.3957060 -26.6517900
13744.370 0.9947839 -1615982.0 0.9732735
-114.4756980 -26.6394420 0.000 0.0000000
0.0 0.0000000 0.0000000 0.0000000
0.000 0.0000000 0.0 0.0000000
0.0000000 0.0000000 0.000 0.0000000
0.0 0.0000000 0.0000000 0.0000000
0.000 0.0000000 0.0 0.0000000
0.0000000 0.0000000 0.000 0.0000000
0.0 0.0000000 0.0000000 0.0000000
0.000 0.0000000 0.0 0.0000000
0.0000000 0.0000000 0.000 0.0000000
0.0 0.0000000 0.0000000 0.0000000
0.000 0.0000000 0.0 0.0000000
0.0000000 0.0000000 0.000 0.0000000
0.0 0.0000000 0.0000000 0.0000000
0.000 0.0000000 0.0 0.0000000
0.0000000 0.0000000 0.000 0.0000000
0.0 0.0000000 0.0000000 0.0000000
31 2 0.000 0.9955928
-1650693.0 0.9726923 -114.3379260 -26.6010840
5619.079 0.9951091 -1627765.0 0.9730707
-114.3882540 -26.6228280 10777.410 0.9945684
-1603183.0 0.9734775 -114.4679220 -26.6383080
13744.370 0.9942668 -1584406.0 0.9737887
-114.5212380 -26.6222700 0.000 0.0000000
0.0 0.0000000 0.0000000 0.0000000
0.000 0.0000000 0.0 0.0000000
0.0000000 0.0000000 0.000 0.0000000
0.0 0.0000000 0.0000000 0.0000000
0.000 0.0000000 0.0 0.0000000
0.0000000 0.0000000 0.000 0.0000000
0.0 0.0000000 0.0000000 0.0000000
0.000 0.0000000 0.0 0.0000000
0.0000000 0.0000000 0.000 0.0000000
0.0 0.0000000 0.0000000 0.0000000
0.000 0.0000000 0.0 0.0000000
0.0000000 0.0000000 0.000 0.0000000
0.0 0.0000000 0.0000000 0.0000000
0.000 0.0000000 0.0 0.0000000
0.0000000 0.0000000 0.000 0.0000000
0.0 0.0000000 0.0000000 0.0000000
31 1 6924.720 61.8997500
14.2691472 14.2696800 6564948.0 243.0000
561.0000 131.00 4221.8270320 215.2241000
3.3300000 721.0000000 0.0 0.0000
31 2 12235.170 60.7852800
14.2651188 14.0520726 6568043.0 335.0000
705.0000 1.00 4221.8270320 215.2241000
3.3300000 721.0000000 0.0 0.0000
31 73341.350 -0.0817964227 0.262515880368000
0.0000000 0.0000000 -0.2740000 0.000
11093.620 13744.370 0.000 1.2568123623
0.2869825725 -0.0210071075 -0.0314070233 0.0549218883
0.000 11093.620 1.5466469 0.0912923
0.0259677860 -0.0065030088 0.0180859604 11093.620
2650.750 0.0000000000 0.0000000000 0.0000000000
0.0000000000 0.0000000000 13744.370 0.000