342 1 0.000 0.9969957
-1725381.0 0.9715251 138.1188420 13.6541952
3957.774 0.9968087 -1709464.0 0.9717884
138.1313700 13.6506528 8004.536 0.9964467
-1691840.0 0.9720793 138.0421800 13.6968570
11599.700 0.9961473 -1674771.0 0.9723608
137.9884680 13.7236770 13131.740 0.9960185
-1667090.0 0.9724874 137.9684700 13.7332314
0.000 0.0000000 0.0 0.0000000
0.0000000 0.0000000 0.000 0.0000000
0.0 0.0000000 0.0000000 0.0000000
0.000 0.0000000 0.0 0.0000000
0.0000000 0.0000000 0.000 0.0000000
0.0 0.0000000 0.0000000 0.0000000
0.000 0.0000000 0.0 0.0000000
0.0000000 0.0000000 0.000 0.0000000
0.0 0.0000000 0.0000000 0.0000000
0.000 0.0000000 0.0 0.0000000
0.0000000 0.0000000 0.000 0.0000000
0.0 0.0000000 0.0000000 0.0000000
0.000 0.0000000 0.0 0.0000000
0.0000000 0.0000000 0.000 0.0000000
0.0 0.0000000 0.0000000 0.0000000
342 2 0.000 0.9965484
-1701754.0 0.9719103 138.0185100 13.7078622
3957.774 0.9962788 -1684340.0 0.9721979
137.9930220 13.7206728 8004.536 0.9959731
-1665029.0 0.9725166 137.9589480 13.7386368
11599.700 0.9956407 -1646219.0 0.9728267
137.9024460 13.7661624 13131.740 0.9954728
-1637734.0 0.9729669 137.8678680 13.7829240
0.000 0.0000000 0.0 0.0000000
0.0000000 0.0000000 0.000 0.0000000
0.0 0.0000000 0.0000000 0.0000000
0.000 0.0000000 0.0 0.0000000
0.0000000 0.0000000 0.000 0.0000000
0.0 0.0000000 0.0000000 0.0000000
0.000 0.0000000 0.0 0.0000000
0.0000000 0.0000000 0.000 0.0000000
0.0 0.0000000 0.0000000 0.0000000
0.000 0.0000000 0.0 0.0000000
0.0000000 0.0000000 0.000 0.0000000
0.0 0.0000000 0.0000000 0.0000000
0.000 0.0000000 0.0 0.0000000
0.0000000 0.0000000 0.000 0.0000000
0.0 0.0000000 0.0000000 0.0000000
342 1 9991.942 61.5505680
13.2599988 13.8647376 6553312.0 255.8992
553.6379 84.00 4221.8270320 215.2241000
3.6600000 721.0000000 0.0 0.0000
342 2 15288.290 61.9878420
15.1242012 14.0687226 6556209.0 330.1597
627.2111 1.00 4221.8270320 215.2241000
3.6600000 721.0000000 0.0 0.0000
342 10321.570 0.6686496689 0.262515880368000
0.0000000 0.0000000 -0.2740000 0.000
13131.740 16503.100 0.000 1.2569534198
0.4860549632 -0.1036383770 0.0735488623 0.0321164389
0.000 13131.740 0.0000000 0.0000000
0.0000000000 0.0000000000 0.0000000000 13131.740
5518.900 0.0000000000 0.0000000000 0.0000000000
0.0000000000 0.0000000000 16503.100 1233.600