107 1 -1.000 0.9925657
-1574430.0 0.9740221 -97.3332870 -22.1960800
0.000 0.9925657 -1574430.0 0.9740221
-97.3332870 -22.1960800 0.000 0.9925657
-1574430.0 0.9740221 -97.3332870 -22.1960800
0.000 0.9925657 -1574430.0 0.9740221
-97.3332870 -22.1960800 0.000 0.9925657
-1574430.0 0.9740221 -97.3332870 -22.1960800
0.000 0.0000000 0.0 0.0000000
0.0000000 0.0000000 0.000 0.0000000
0.0 0.0000000 0.0000000 0.0000000
0.000 0.0000000 0.0 0.0000000
0.0000000 0.0000000 0.000 0.0000000
0.0 0.0000000 0.0000000 0.0000000
0.000 0.0000000 0.0 0.0000000
0.0000000 0.0000000 0.000 0.0000000
0.0 0.0000000 0.0000000 0.0000000
0.000 0.0000000 0.0 0.0000000
0.0000000 0.0000000 0.000 0.0000000
0.0 0.0000000 0.0000000 0.0000000
0.000 0.0000000 0.0 0.0000000
0.0000000 0.0000000 0.000 0.0000000
0.0 0.0000000 0.0000000 0.0000000
107 2 -1.000 0.9925657
-1574430.0 0.9740221 -97.3332870 -22.1960800
0.000 0.9925657 -1574430.0 0.9740221
-97.3332870 -22.1960800 0.000 0.9925657
-1574430.0 0.9740221 -97.3332870 -22.1960800
0.000 0.9925657 -1574430.0 0.9740221
-97.3332870 -22.1960800 0.000 0.9925657
-1574430.0 0.9740221 -97.3332870 -22.1960800
0.000 0.0000000 0.0 0.0000000
0.0000000 0.0000000 0.000 0.0000000
0.0 0.0000000 0.0000000 0.0000000
0.000 0.0000000 0.0 0.0000000
0.0000000 0.0000000 0.000 0.0000000
0.0 0.0000000 0.0000000 0.0000000
0.000 0.0000000 0.0 0.0000000
0.0000000 0.0000000 0.000 0.0000000
0.0 0.0000000 0.0000000 0.0000000
0.000 0.0000000 0.0 0.0000000
0.0000000 0.0000000 0.000 0.0000000
0.0 0.0000000 0.0000000 0.0000000
0.000 0.0000000 0.0 0.0000000
0.0000000 0.0000000 0.000 0.0000000
0.0 0.0000000 0.0000000 0.0000000
107 1 7047.100 59.8724280
14.5697040 14.2696800 6551213.0 294.6742
580.0518 50.00 4221.8270320 215.2241000
2.8816000 721.0000000 0.0 0.0000
107 2 12355.420 60.5277180
15.7563036 14.2696800 6554489.0 330.0071
627.8661 1.00 4221.8270320 215.2241000
2.8816000 721.0000000 0.0 0.0000
107 64440.000 0.0000000000 0.262515880368000
0.0000000 0.0000000 -0.2740000 0.000
10984.200 16503.100 0.000 1.2572304734
0.0000000000 0.0000000000 0.0000000000 0.0000000000
0.000 10984.200 0.0000000 0.0000000
0.0000000000 0.0000000000 0.0000000000 10984.200
5518.900 0.0000000000 0.0000000000 0.0000000000
0.0000000000 0.0000000000 16503.100 1233.600