              318                2  7.200000000E+01                P 693182072P1
 -1.963000000E+00  1.780470000E+02  1.851700000E+03  2.789444444E+00 693182072P2
  3.618000000E+00  1.576000000E+02  5.990000000E+01                  693182072P3
  6.700000000E+00  2.000000000E+00  9.095000000E+01  2.703861111E+01 693182072P4
 -7.500000000E+01 -2.982200000E+00 -2.339194000E+01  9.371632784E+02 693182072P5
  2.000000000E+00  3.113000000E+03  7.000000000E+01  4.000000000E+01 693182072P6
  9.979750000E+01  9.984416667E+01  9.984416667E+01                  693182072P7
  3.618000000E+00  1.576000000E+02  5.990000000E+01                  693182072P8
              318                1  7.200000000E+01                P 693181072P1
 -1.963000000E+00  1.780470000E+02  1.851700000E+03  2.789444444E+00 693181072P2
  3.618000000E+00  1.576000000E+02  5.990000000E+01                  693181072P3
  6.700000000E+00  2.000000000E+00  9.095000000E+01  2.703861111E+01 693181072P4
 -7.500000000E+01 -2.982200000E+00 -2.339194000E+01  9.371632784E+02 693181072P5
  2.000000000E+00  3.113000000E+03  7.000000000E+01  4.000000000E+01 693181072P6
  9.979750000E+01  9.984416667E+01  9.984416667E+01                  693181072P7
  3.618000000E+00  1.576000000E+02  5.990000000E+01                  693181072P8
              318                2  1.080000000E+02                P 693182108P1
 -1.963000000E+00  1.780470000E+02  1.851700000E+03  2.789444444E+00 693182108P2
  3.618000000E+00  1.576000000E+02  5.990000000E+01                  693182108P3
  6.700000000E+00  2.000000000E+00  9.095000000E+01  2.703861111E+01 693182108P4
 -7.500000000E+01 -2.982200000E+00 -2.339194000E+01  9.371632784E+02 693182108P5
  2.000000000E+00  3.113000000E+03  7.000000000E+01  4.000000000E+01 693182108P6
  9.979750000E+01  9.984416667E+01  9.984416667E+01                  693182108P7
  3.618000000E+00  1.576000000E+02  5.990000000E+01                  693182108P8
              318                1  1.080000000E+02                P 693181108P1
 -1.963000000E+00  1.780470000E+02  1.851700000E+03  2.789444444E+00 693181108P2
  3.618000000E+00  1.576000000E+02  5.990000000E+01                  693181108P3
  6.700000000E+00  2.000000000E+00  9.095000000E+01  2.703861111E+01 693181108P4
 -7.500000000E+01 -2.982200000E+00 -2.339194000E+01  9.371632784E+02 693181108P5
  2.000000000E+00  3.113000000E+03  7.000000000E+01  4.000000000E+01 693181108P6
  9.979750000E+01  9.984416667E+01  9.984416667E+01                  693181108P7
  3.618000000E+00  1.576000000E+02  5.990000000E+01                  693181108P8
