              101                2  7.200000000E+01                P 701012072P1
 -5.800000000E-02  1.801550000E+02  2.117000000E+02  2.590000000E+00 701012072P2
 -3.430000000E-01  1.779960000E+02  5.700000000E+01                  701012072P3
 -7.000000000E-01  2.000000000E+00  9.000000000E+01  2.622638889E+01 701012072P4
 -9.388000000E+01 -3.668600000E+00 -1.748420000E+01  9.377335205E+02 701012072P5
  2.000000000E+00  3.449500000E+03  7.200000000E+01  4.000000000E+01 701012072P6
  9.688944444E+01  9.669416667E+01  9.669416667E+01                  701012072P7
 -3.430000000E-01  1.779960000E+02  5.700000000E+01                  701012072P8
              101                1  7.200000000E+01                P 701011072P1
 -5.800000000E-02  1.801550000E+02  2.117000000E+02  2.590000000E+00 701011072P2
 -3.430000000E-01  1.779960000E+02  5.700000000E+01                  701011072P3
 -7.000000000E-01  2.000000000E+00  9.000000000E+01  2.622638889E+01 701011072P4
 -9.388000000E+01 -3.668600000E+00 -1.748420000E+01  9.377335205E+02 701011072P5
  2.000000000E+00  3.449500000E+03  7.200000000E+01  4.000000000E+01 701011072P6
  9.688944444E+01  9.669416667E+01  9.669416667E+01                  701011072P7
 -3.430000000E-01  1.779960000E+02  5.700000000E+01                  701011072P8
              101                2  1.080000000E+02                P 701012108P1
 -5.800000000E-02  1.801550000E+02  2.117000000E+02  2.590000000E+00 701012108P2
 -3.430000000E-01  1.779960000E+02  5.700000000E+01                  701012108P3
 -7.000000000E-01  2.000000000E+00  9.000000000E+01  2.622638889E+01 701012108P4
 -9.388000000E+01 -3.668600000E+00 -1.748420000E+01  9.377335205E+02 701012108P5
  2.000000000E+00  3.449500000E+03  7.200000000E+01  4.000000000E+01 701012108P6
  9.688944444E+01  9.669416667E+01  9.669416667E+01                  701012108P7
 -3.430000000E-01  1.779960000E+02  5.700000000E+01                  701012108P8
              101                1  1.080000000E+02                P 701011108P1
 -5.800000000E-02  1.801550000E+02  2.117000000E+02  2.590000000E+00 701011108P2
 -3.430000000E-01  1.779960000E+02  5.700000000E+01                  701011108P3
 -7.000000000E-01  2.000000000E+00  9.000000000E+01  2.622638889E+01 701011108P4
 -9.388000000E+01 -3.668600000E+00 -1.748420000E+01  9.377335205E+02 701011108P5
  2.000000000E+00  3.449500000E+03  7.200000000E+01  4.000000000E+01 701011108P6
  9.688944444E+01  9.669416667E+01  9.669416667E+01                  701011108P7
 -3.430000000E-01  1.779960000E+02  5.700000000E+01                  701011108P8
