AGCEpoch 1972
MCCCRF 1733
MCCCXS 306
MCCLRF 1731
MCCLXS 3606
MCLRLS 2020
MCLTTD 2026
RRBIAS 1190.0
PZREAP_IRMAX 70.0
PDI_v_IGG 5543.4605
PDI_r_IGXG -159548.72
PDI_r_IGZG -1547623.3
PDI_K_X 0.334
PDI_K_Y 2.207e-7
PDI_K_V 498.0
PDI_RBRFG -3.1183588e3 0.0 -1.1741441e4
PDI_VBRFG -1.9646916e2 0.0 -1.6675997e2
PDI_ABRFG -7.1824814e-1 0.0 -8.3024503
PDI_JBRFGZ -1.5123659e-2
PDI_RARFG 1.585e2 0.0 -2.73554e1
PDI_VARFG -3.53476 0.0 2.49505e-2
PDI_AARFG 7.71783e-2 0.0 -5.89627e-1
PDI_JARFGZ 4.31736e-2
MHVCCG 0 26600.000000 976.946643 0.614894 3.200135
MHVCCG 1 28800.000000 967.002573 1.419365 3.072027
MHVCCG 2 31000.000000 959.385531 2.109653 2.962101
MHVCCG 3 33200.000000 953.631021 2.708458 2.866744
MHVCCG 4 35400.000000 949.390017 3.232834 2.783239
MHVCCG 5 37600.000000 946.395179 3.695848 2.709506
MHVCCG 6 39800.000000 944.438278 4.107673 2.643925
MHVCCG 7 42000.000000 943.354712 4.476356 2.585214
MHVCCG 8 44200.000000 943.012652 4.808337 2.532347
MHVCCG 9 46400.000000 943.305272 5.108837 2.484494
MHVCCG 10 48600.000000 944.145087 5.382131 2.440973
MHVCCG 11 50800.000000 942.239181 5.445805 2.629912
MHVCCG 12 53000.000000 938.673343 5.361523 2.978626
MHVCCG 13 55200.000000 936.048818 5.283959 3.299545
MHVCCG 14 57400.000000 934.251718 5.212342 3.595864
MHVCCG 15 59600.000000 933.184975 5.146011 3.870307
MHVCCG 16 61800.000000 932.765340 5.084403 4.125210
MHVCCG 17 64000.000000 932.921011 5.027030 4.362588
MHVCCG 18 66200.000000 933.589733 4.973471 4.584190
MHVCCG 19 68400.000000 934.717258 4.923357 4.791536
MHVCCG_N 20
MDLEIC 3533.934 0.0 25603.875656