              101                1  -2.77777778E-04   9.91660200E-01   701011001
  -4.38445449E-01   9.77216500E-01  -1.61214579E+00  -3.45224712E-01   701011002
   2.77777778E-01   9.91660200E-01  -4.38445449E-01   9.77216500E-01   701011003
  -1.61214579E+00  -3.45224712E-01   2.77777778E-01   9.91660200E-01   701011004
  -4.38445449E-01   9.77216500E-01  -1.61214579E+00  -3.45224712E-01   701011005
   2.77777778E-01   9.91660200E-01  -4.38445449E-01   9.77216500E-01   701011006
  -1.61214579E+00  -3.45224712E-01   2.77777778E-01   9.91660200E-01   701011007
  -4.38445449E-01   9.77216500E-01  -1.61214579E+00  -3.45224712E-01   701011008
   2.77777778E-01   0.00000000E+00   0.00000000E+00   0.00000000E+00   701011009
   0.00000000E+00   0.00000000E+00   2.77777778E-01   0.00000000E+00   701011010
   0.00000000E+00   0.00000000E+00   0.00000000E+00   0.00000000E+00   701011011
   2.77777778E-01   0.00000000E+00   0.00000000E+00   0.00000000E+00   701011012
   0.00000000E+00   0.00000000E+00   2.77777778E-01   0.00000000E+00   701011013
   0.00000000E+00   0.00000000E+00   0.00000000E+00   0.00000000E+00   701011014
   2.77777778E-01   0.00000000E+00   0.00000000E+00   0.00000000E+00   701011015
   0.00000000E+00   0.00000000E+00   2.77777778E-01   0.00000000E+00   701011016
   0.00000000E+00   0.00000000E+00   0.00000000E+00   0.00000000E+00   701011017
   2.77777778E-01   0.00000000E+00   0.00000000E+00   0.00000000E+00   701011018
   0.00000000E+00   0.00000000E+00   2.77777778E-01   0.00000000E+00   701011019
   0.00000000E+00   0.00000000E+00   0.00000000E+00   0.00000000E+00   701011020
   2.77777778E-01   0.00000000E+00   0.00000000E+00   0.00000000E+00   701011021
   0.00000000E+00   0.00000000E+00   2.77777778E-01   0.00000000E+00   701011022
   0.00000000E+00   0.00000000E+00   0.00000000E+00   0.00000000E+00   701011023
              101                2  -2.77777778E-04   9.91660200E-01   701012024
  -4.38445449E-01   9.77216500E-01  -1.61214579E+00  -3.45224712E-01   701012025
   2.77777778E-01   9.91660200E-01  -4.38445449E-01   9.77216500E-01   701012026
  -1.61214579E+00  -3.45224712E-01   2.77777778E-01   9.91660200E-01   701012027
  -4.38445449E-01   9.77216500E-01  -1.61214579E+00  -3.45224712E-01   701012028
   2.77777778E-01   9.91660200E-01  -4.38445449E-01   9.77216500E-01   701012029
  -1.61214579E+00  -3.45224712E-01   2.77777778E-01   9.91660200E-01   701012030
  -4.38445449E-01   9.77216500E-01  -1.61214579E+00  -3.45224712E-01   701012031
   2.77777778E-01   0.00000000E+00   0.00000000E+00   0.00000000E+00   701012032
   0.00000000E+00   0.00000000E+00   2.77777778E-01   0.00000000E+00   701012033
   0.00000000E+00   0.00000000E+00   0.00000000E+00   0.00000000E+00   701012034
   2.77777778E-01   0.00000000E+00   0.00000000E+00   0.00000000E+00   701012035
   0.00000000E+00   0.00000000E+00   2.77777778E-01   0.00000000E+00   701012036
   0.00000000E+00   0.00000000E+00   0.00000000E+00   0.00000000E+00   701012037
   2.77777778E-01   0.00000000E+00   0.00000000E+00   0.00000000E+00   701012038
   0.00000000E+00   0.00000000E+00   2.77777778E-01   0.00000000E+00   701012039
   0.00000000E+00   0.00000000E+00   0.00000000E+00   0.00000000E+00   701012040
   2.77777778E-01   0.00000000E+00   0.00000000E+00   0.00000000E+00   701012041
   0.00000000E+00   0.00000000E+00   2.77777778E-01   0.00000000E+00   701012042
   0.00000000E+00   0.00000000E+00   0.00000000E+00   0.00000000E+00   701012043
   2.77777778E-01   0.00000000E+00   0.00000000E+00   0.00000000E+00   701012044
   0.00000000E+00   0.00000000E+00   2.77777778E-01   0.00000000E+00   701012045
   0.00000000E+00   0.00000000E+00   0.00000000E+00   0.00000000E+00   701012046
              101                1   1.87846361E+00   1.04497100E+00   701011461
   2.54289306E-01   2.49052899E-01   1.03003497E+00   6.87983889E-02   701011462
   1.48069944E-01   2.71916667E-02   2.38290752E+00   1.70815651E+06   701011463
   2.08837495E-03   2.00277778E-01   0.00000000E+00   0.00000000E+00   701011464
              101                2   3.35299722E+00   1.05640797E+00   701012465
   2.74999376E-01   2.49052899E-01   1.03054860E+00   9.16686389E-02   701012466
   1.74407250E-01   2.77777778E-04   2.38290752E+00   1.70815651E+06   701012467
   2.08837495E-03   2.00277778E-01   0.00000000E+00   0.00000000E+00   701012468
              101   1.92163889E+01   1.23965832E-03   2.62515880E-01   701012541
   0.00000000E+00   0.00000000E+00  -2.74000000E-01   0.00000000E+00   701012542
   3.05116667E+00   4.58419444E+00   0.00000000E+00   1.25738755E+00   701012543
   0.00000000E+00   0.00000000E+00   0.00000000E+00   0.00000000E+00   701012544
   0.00000000E+00   3.05116667E+00   0.00000000E+00   0.00000000E+00   701012545
   0.00000000E+00   0.00000000E+00   0.00000000E+00   3.05116667E+00   701012546
   1.53302778E+00   0.00000000E+00   0.00000000E+00   0.00000000E+00   701012547
   0.00000000E+00   0.00000000E+00   4.58419444E+00   3.42666667E-01   701012548
