              138                2  7.200000000E+01                P 691382072P1
 -4.933294000E+00  1.800000000E+02  6.000000000E+01  2.557222222E+00 691382072P2
 -4.933294000E+00  1.800000000E+02  6.000000000E+01                  691382072P3
 -6.100000000E+00  0.000000000E+00  6.151666667E+01  2.467916667E+01 691382072P4
 -9.100000000E+01  7.320000000E-01  2.364700000E+01  9.368335205E+02 691382072P5
 -2.000000000E-01  3.622500000E+03  5.449222220E+01  4.000000000E+01 691382072P6
  9.265000000E+01  9.265000000E+01  9.265000000E+01                  691382072P7
 -4.933294000E+00  1.800000000E+02  6.000000000E+01                  691382072P8
              138                1  7.200000000E+01                P 691381072P1
 -4.933294000E+00  1.800000000E+02  6.000000000E+01  2.557222222E+00 691381072P2
 -4.933294000E+00  1.800000000E+02  6.000000000E+01                  691381072P3
 -6.100000000E+00  0.000000000E+00  6.151666667E+01  2.467916667E+01 691381072P4
 -9.100000000E+01  7.320000000E-01  2.364700000E+01  9.368335205E+02 691381072P5
 -2.000000000E-01  3.622500000E+03  5.449222220E+01  4.000000000E+01 691381072P6
  9.265000000E+01  9.265000000E+01  9.265000000E+01                  691381072P7
 -4.933294000E+00  1.800000000E+02  6.000000000E+01                  691381072P8
              138                2  1.080000000E+02                P 691382108P1
 -4.933294000E+00  1.800000000E+02  6.000000000E+01  2.557222222E+00 691382108P2
 -4.933294000E+00  1.800000000E+02  6.000000000E+01                  691382108P3
 -6.100000000E+00  0.000000000E+00  6.151666667E+01  2.467916667E+01 691382108P4
 -9.100000000E+01  7.320000000E-01  2.364700000E+01  9.368335205E+02 691382108P5
 -2.000000000E-01  3.622500000E+03  5.449222220E+01  4.000000000E+01 691382108P6
  9.265000000E+01  9.265000000E+01  9.265000000E+01                  691382108P7
 -4.933294000E+00  1.800000000E+02  6.000000000E+01                  691382108P8
              138                1  1.080000000E+02                P 691381108P1
 -4.933294000E+00  1.800000000E+02  6.000000000E+01  2.557222222E+00 691381108P2
 -4.933294000E+00  1.800000000E+02  6.000000000E+01                  691381108P3
 -6.100000000E+00  0.000000000E+00  6.151666667E+01  2.467916667E+01 691381108P4
 -9.100000000E+01  7.320000000E-01  2.364700000E+01  9.368335205E+02 691381108P5
 -2.000000000E-01  3.622500000E+03  5.449222220E+01  4.000000000E+01 691381108P6
  9.265000000E+01  9.265000000E+01  9.265000000E+01                  691381108P7
 -4.933294000E+00  1.800000000E+02  6.000000000E+01                  691381108P8
