              107                2  7.200000000E+01                P 721072072P1
  5.529000000E+00  1.687580000E+02  7.276000000E+01  2.554166667E+00 721072072P2
  5.529000000E+00  1.687580000E+02  7.276000000E+01                  721072072P3
 -9.000000000E-01  0.000000000E+00  1.478666667E+02  2.425000000E+01 721072072P4
 -9.000000000E+01 -9.000280000E+00  1.551639000E+01  9.383530205E+02 721072072P5
 -2.100000000E+00  3.212200000E+03  6.800000000E+01  4.000000000E+01 721072072P6
  9.243694444E+01  9.243694444E+01  9.243694444E+01                  721072072P7
  5.529000000E+00  1.687580000E+02  7.276000000E+01                  721072072P8
              107                1  7.200000000E+01                P 721071072P1
  5.529000000E+00  1.687580000E+02  7.276000000E+01  2.554166667E+00 721071072P2
  5.529000000E+00  1.687580000E+02  7.276000000E+01                  721071072P3
 -9.000000000E-01  0.000000000E+00  1.478666667E+02  2.425000000E+01 721071072P4
 -9.000000000E+01 -9.000280000E+00  1.551639000E+01  9.383530205E+02 721071072P5
 -2.100000000E+00  3.212200000E+03  6.800000000E+01  4.000000000E+01 721071072P6
  9.243694444E+01  9.243694444E+01  9.243694444E+01                  721071072P7
  5.529000000E+00  1.687580000E+02  7.276000000E+01                  721071072P8
              107                2  1.080000000E+02                P 721072108P1
  5.529000000E+00  1.687580000E+02  7.276000000E+01  2.554166667E+00 721072108P2
  5.529000000E+00  1.687580000E+02  7.276000000E+01                  721072108P3
 -9.000000000E-01  0.000000000E+00  1.478666667E+02  2.425000000E+01 721072108P4
 -9.000000000E+01 -9.000280000E+00  1.551639000E+01  9.383530205E+02 721072108P5
 -2.100000000E+00  3.212200000E+03  6.800000000E+01  4.000000000E+01 721072108P6
  9.243694444E+01  9.243694444E+01  9.243694444E+01                  721072108P7
  5.529000000E+00  1.687580000E+02  7.276000000E+01                  721072108P8
              107                1  1.080000000E+02                P 721071108P1
  5.529000000E+00  1.687580000E+02  7.276000000E+01  2.554166667E+00 721071108P2
  5.529000000E+00  1.687580000E+02  7.276000000E+01                  721071108P3
 -9.000000000E-01  0.000000000E+00  1.478666667E+02  2.425000000E+01 721071108P4
 -9.000000000E+01 -9.000280000E+00  1.551639000E+01  9.383530205E+02 721071108P5
 -2.100000000E+00  3.212200000E+03  6.800000000E+01  4.000000000E+01 721071108P6
  9.243694444E+01  9.243694444E+01  9.243694444E+01                  721071108P7
  5.529000000E+00  1.687580000E+02  7.276000000E+01                  721071108P8
