              197                2  7.200000000E+01                P 691972072P1
  2.620622700E-01  1.798157900E+02  6.000000000E+01  2.738333333E+00 691972072P2
  2.620622700E-01  1.798157900E+02  6.000000000E+01                  691972072P3
 -4.439361800E+00  0.000000000E+00  5.950138889E+01  2.667916667E+01 691972072P4
 -9.100000000E+01  7.138888800E-01  2.370777770E+01  9.370507730E+02 691972072P5
  4.806784300E+00  3.155998700E+03  6.350000000E+01  4.000000000E+01 691972072P6
  8.942638889E+01  8.942638889E+01  8.942638889E+01                  691972072P7
  2.620622700E-01  1.798157900E+02  6.000000000E+01                  691972072P8
              197                1  7.200000000E+01                P 691971072P1
  2.620622700E-01  1.798157900E+02  6.000000000E+01  2.738333333E+00 691971072P2
  2.620622700E-01  1.798157900E+02  6.000000000E+01                  691971072P3
 -4.439361800E+00  0.000000000E+00  5.950138889E+01  2.667916667E+01 691971072P4
 -9.100000000E+01  7.138888800E-01  2.370777770E+01  9.370507730E+02 691971072P5
  4.806784300E+00  3.155998700E+03  6.350000000E+01  4.000000000E+01 691971072P6
  8.942638889E+01  8.942638889E+01  8.942638889E+01                  691971072P7
  2.620622700E-01  1.798157900E+02  6.000000000E+01                  691971072P8
              197                2  1.080000000E+02                P 691972108P1
  2.620622700E-01  1.798157900E+02  6.000000000E+01  2.738333333E+00 691972108P2
  2.620622700E-01  1.798157900E+02  6.000000000E+01                  691972108P3
 -4.439361800E+00  0.000000000E+00  5.950138889E+01  2.667916667E+01 691972108P4
 -9.100000000E+01  7.138888800E-01  2.370777770E+01  9.370507730E+02 691972108P5
  4.806784300E+00  3.155998700E+03  6.350000000E+01  4.000000000E+01 691972108P6
  8.942638889E+01  8.942638889E+01  8.942638889E+01                  691972108P7
  2.620622700E-01  1.798157900E+02  6.000000000E+01                  691972108P8
              197                1  1.080000000E+02                P 691971108P1
  2.620622700E-01  1.798157900E+02  6.000000000E+01  2.738333333E+00 691971108P2
  2.620622700E-01  1.798157900E+02  6.000000000E+01                  691971108P3
 -4.439361800E+00  0.000000000E+00  5.950138889E+01  2.667916667E+01 691971108P4
 -9.100000000E+01  7.138888800E-01  2.370777770E+01  9.370507730E+02 691971108P5
  4.806784300E+00  3.155998700E+03  6.350000000E+01  4.000000000E+01 691971108P6
  8.942638889E+01  8.942638889E+01  8.942638889E+01                  691971108P7
  2.620622700E-01  1.798157900E+02  6.000000000E+01                  691971108P8
              199                2  7.200000000E+01                P 691992072P1
  2.371087600E+00  1.803131200E+02  6.000000000E+01  2.719444444E+00 691992072P2
  2.371087600E+00  1.803131200E+02  6.000000000E+01                  691992072P3
 -4.686291300E+00  0.000000000E+00  5.543666667E+01  2.489666667E+01 691992072P4
 -8.900000000E+01  3.527777800E-01 -1.299166670E+00  9.374835205E+02 691992072P5
  5.961895600E+00  3.095663200E+03  6.545027778E+01  4.000000000E+01 691992072P6
  8.929500000E+01  8.929500000E+01  8.929500000E+01                  691992072P7
  2.371087600E+00  1.803131200E+02  6.000000000E+01                  691992072P8
              199                1  7.200000000E+01                P 691991072P1
  2.371087600E+00  1.803131200E+02  6.000000000E+01  2.719444444E+00 691991072P2
  2.371087600E+00  1.803131200E+02  6.000000000E+01                  691991072P3
 -4.686291300E+00  0.000000000E+00  5.543666667E+01  2.489666667E+01 691991072P4
 -8.900000000E+01  3.527777800E-01 -1.299166670E+00  9.374835205E+02 691991072P5
  5.961895600E+00  3.095663200E+03  6.545027778E+01  4.000000000E+01 691991072P6
  8.929500000E+01  8.929500000E+01  8.929500000E+01                  691991072P7
  2.371087600E+00  1.803131200E+02  6.000000000E+01                  691991072P8
              199                2  1.080000000E+02                P 691992108P1
  2.371087600E+00  1.803131200E+02  6.000000000E+01  2.719444444E+00 691992108P2
  2.371087600E+00  1.803131200E+02  6.000000000E+01                  691992108P3
 -4.686291300E+00  0.000000000E+00  5.543666667E+01  2.489666667E+01 691992108P4
 -8.900000000E+01  3.527777800E-01 -1.299166670E+00  9.374835205E+02 691992108P5
  5.961895600E+00  3.095663200E+03  6.545027778E+01  4.000000000E+01 691992108P6
  8.929500000E+01  8.929500000E+01  8.929500000E+01                  691992108P7
  2.371087600E+00  1.803131200E+02  6.000000000E+01                  691992108P8
              199                1  1.080000000E+02                P 691991108P1
  2.371087600E+00  1.803131200E+02  6.000000000E+01  2.719444444E+00 691991108P2
  2.371087600E+00  1.803131200E+02  6.000000000E+01                  691991108P3
 -4.686291300E+00  0.000000000E+00  5.543666667E+01  2.489666667E+01 691991108P4
 -8.900000000E+01  3.527777800E-01 -1.299166670E+00  9.374835205E+02 691991108P5
  5.961895600E+00  3.095663200E+03  6.545027778E+01  4.000000000E+01 691991108P6
  8.929500000E+01  8.929500000E+01  8.929500000E+01                  691991108P7
  2.371087600E+00  1.803131200E+02  6.000000000E+01                  691991108P8
              202                2  7.200000000E+01                P 692022072P1
 -4.883258800E-01  1.798469500E+02  7.999000000E+02  2.886388889E+00 692022072P2
 -4.883258800E-01  1.800000000E+02  6.000000000E+01                  692022072P3
 -2.842400000E+00  0.000000000E+00  5.536527778E+01  2.506833333E+01 692022072P4
 -8.600000000E+01  1.678055560E+00 -4.189916667E+01  9.372435205E+02 692022072P5
  2.651800000E+00  3.060600000E+03  6.586722222E+01  4.000000000E+01 692022072P6
  9.297722222E+01  9.297722222E+01  9.297722222E+01                  692022072P7
 -4.883258800E-01  1.800000000E+02  6.000000000E+01                  692022072P8
              202                1  7.200000000E+01                P 692021072P1
 -4.883258800E-01  1.798469500E+02  7.999000000E+02  2.886388889E+00 692021072P2
 -4.883258800E-01  1.800000000E+02  6.000000000E+01                  692021072P3
 -2.842400000E+00  0.000000000E+00  5.536527778E+01  2.506833333E+01 692021072P4
 -8.600000000E+01  1.678055560E+00 -4.189916667E+01  9.372435205E+02 692021072P5
  2.651800000E+00  3.060600000E+03  6.586722222E+01  4.000000000E+01 692021072P6
  9.297722222E+01  9.297722222E+01  9.297722222E+01                  692021072P7
 -4.883258800E-01  1.800000000E+02  6.000000000E+01                  692021072P8
              202                2  1.080000000E+02                P 692022108P1
 -4.883258800E-01  1.798469500E+02  7.999000000E+02  2.886388889E+00 692022108P2
 -4.883258800E-01  1.800000000E+02  6.000000000E+01                  692022108P3
 -2.842400000E+00  0.000000000E+00  5.536527778E+01  2.506833333E+01 692022108P4
 -8.600000000E+01  1.678055560E+00 -4.189916667E+01  9.372435205E+02 692022108P5
  2.651800000E+00  3.060600000E+03  6.586722222E+01  4.000000000E+01 692022108P6
  9.297722222E+01  9.297722222E+01  9.297722222E+01                  692022108P7
 -4.883258800E-01  1.800000000E+02  6.000000000E+01                  692022108P8
              202                1  1.080000000E+02                P 692021108P1
 -4.883258800E-01  1.798469500E+02  7.999000000E+02  2.886388889E+00 692021108P2
 -4.883258800E-01  1.800000000E+02  6.000000000E+01                  692021108P3
 -2.842400000E+00  0.000000000E+00  5.536527778E+01  2.506833333E+01 692021108P4
 -8.600000000E+01  1.678055560E+00 -4.189916667E+01  9.372435205E+02 692021108P5
  2.651800000E+00  3.060600000E+03  6.586722222E+01  4.000000000E+01 692021108P6
  9.297722222E+01  9.297722222E+01  9.297722222E+01                  692021108P7
 -4.883258800E-01  1.800000000E+02  6.000000000E+01                  692021108P8
