              342                2  7.200000000E+01                P 723422072P1
 -9.750000000E+00  1.617790000E+02  5.130000000E+01  3.349444444E+00 723422072P2
 -9.750000000E+00  1.617790000E+02  5.130000000E+01                  723422072P3
  1.130000000E+01  0.000000000E+00  1.476833333E+02  2.399416667E+01 723422072P4
 -9.000000000E+01  2.016400000E+01  3.075000000E+01  9.365435205E+02 723422072P5
  9.000000000E-01  3.045700000E+03  6.761722222E+01  7.500000000E+01 723422072P6
  9.187305556E+01  9.187305556E+01  9.187305556E+01                  723422072P7
 -9.750000000E+00  1.617790000E+02  5.130000000E+01                  723422072P8
              342                1  7.200000000E+01                P 723421072P1
 -9.750000000E+00  1.617790000E+02  5.130000000E+01  3.349444444E+00 723421072P2
 -9.750000000E+00  1.617790000E+02  5.130000000E+01                  723421072P3
  1.130000000E+01  0.000000000E+00  1.476833333E+02  2.399416667E+01 723421072P4
 -9.000000000E+01  2.016400000E+01  3.075000000E+01  9.365435205E+02 723421072P5
  9.000000000E-01  3.045700000E+03  6.761722222E+01  7.500000000E+01 723421072P6
  9.187305556E+01  9.187305556E+01  9.187305556E+01                  723421072P7
 -9.750000000E+00  1.617790000E+02  5.130000000E+01                  723421072P8
              342                2  1.080000000E+02                P 723422108P1
 -9.750000000E+00  1.617790000E+02  5.130000000E+01  3.349444444E+00 723422108P2
 -9.750000000E+00  1.617790000E+02  5.130000000E+01                  723422108P3
  1.130000000E+01  0.000000000E+00  1.476833333E+02  2.399416667E+01 723422108P4
 -9.000000000E+01  2.016400000E+01  3.075000000E+01  9.365435205E+02 723422108P5
  9.000000000E-01  3.045700000E+03  6.761722222E+01  7.500000000E+01 723422108P6
  9.187305556E+01  9.187305556E+01  9.187305556E+01                  723422108P7
 -9.750000000E+00  1.617790000E+02  5.130000000E+01                  723422108P8
              342                1  1.080000000E+02                P 723421108P1
 -9.750000000E+00  1.617790000E+02  5.130000000E+01  3.349444444E+00 723421108P2
 -9.750000000E+00  1.617790000E+02  5.130000000E+01                  723421108P3
  1.130000000E+01  0.000000000E+00  1.476833333E+02  2.399416667E+01 723421108P4
 -9.000000000E+01  2.016400000E+01  3.075000000E+01  9.365435205E+02 723421108P5
  9.000000000E-01  3.045700000E+03  6.761722222E+01  7.500000000E+01 723421108P6
  9.187305556E+01  9.187305556E+01  9.187305556E+01                  723421108P7
 -9.750000000E+00  1.617790000E+02  5.130000000E+01                  723421108P8
