AGCEpoch 40586.767239
RRBIAS 1285.0
MHVCCG 0 23000.000000 983.820751 -2.880850 7.969882
MHVCCG 1 25200.000000 971.844499 -1.656270 7.407066
MHVCCG 2 27400.000000 962.827374 -0.628338 6.934629
MHVCCG 3 29600.000000 956.107448 0.246793 6.532419
MHVCCG 4 31800.000000 951.205968 1.000837 6.185861
MHVCCG 5 34000.000000 947.768093 1.657298 5.884151
MHVCCG 6 36200.000000 945.525242 2.233969 5.619113
MHVCCG 7 38400.000000 944.270384 2.744563 5.384445
MHVCCG 8 40600.000000 943.841361 3.199822 5.175208
MHVCCG 9 42800.000000 944.109356 3.608278 4.987482
MHVCCG 10 45000.000000 944.970744 3.976796 4.818111
MHVCCG 11 47200.000000 942.938012 4.114498 4.906149
MHVCCG 12 49400.000000 939.073685 4.083363 5.178906
MHVCCG 13 51600.000000 936.241859 4.054884 5.428404
MHVCCG 14 53800.000000 934.309841 4.028733 5.657497
MHVCCG 15 56000.000000 933.165791 4.004637 5.868589
MHVCCG 16 58200.000000 932.714778 3.982363 6.063723
MHVCCG 17 60400.000000 932.875701 3.961712 6.244642
MHVCCG 18 62600.000000 933.578863 3.942512 6.412845
MHVCCG 19 64800.000000 934.764029 3.924615 6.569626
MHVCCG_N 20