               31                2  7.200000000E+01                P 710312072P1
 -5.800000000E-02  1.807100000E+02  2.030900000E+03  2.510555556E+00 710312072P2
 -4.572000000E+00  1.611580000E+02  5.700000000E+01                  710312072P3
 -1.120000000E+01  0.000000000E+00  6.662666667E+01  2.622972222E+01 710312072P4
 -7.631000000E+01 -3.672000000E+00 -1.746300000E+01  9.377335205E+02 710312072P5
  1.100000000E+01  3.449500000E+03  6.718305556E+01  4.000000000E+01 710312072P6
  1.030477778E+02  1.030600000E+02  1.030600000E+02                  710312072P7
 -4.572000000E+00  1.611580000E+02  5.700000000E+01                  710312072P8
               31                1  7.200000000E+01                P 710311072P1
 -5.800000000E-02  1.807100000E+02  2.030900000E+03  2.510555556E+00 710311072P2
 -4.572000000E+00  1.611580000E+02  5.700000000E+01                  710311072P3
 -1.120000000E+01  0.000000000E+00  6.662666667E+01  2.622972222E+01 710311072P4
 -7.631000000E+01 -3.672000000E+00 -1.746300000E+01  9.377335205E+02 710311072P5
  1.100000000E+01  3.449500000E+03  6.718305556E+01  4.000000000E+01 710311072P6
  1.030477778E+02  1.030600000E+02  1.030600000E+02                  710311072P7
 -4.572000000E+00  1.611580000E+02  5.700000000E+01                  710311072P8
               31                2  1.080000000E+02                P 710312108P1
 -5.800000000E-02  1.807100000E+02  2.030900000E+03  2.510555556E+00 710312108P2
 -4.572000000E+00  1.611580000E+02  5.700000000E+01                  710312108P3
 -1.120000000E+01  0.000000000E+00  6.662666667E+01  2.622972222E+01 710312108P4
 -7.631000000E+01 -3.672000000E+00 -1.746300000E+01  9.377335205E+02 710312108P5
  1.100000000E+01  3.449500000E+03  6.718305556E+01  4.000000000E+01 710312108P6
  1.030477778E+02  1.030600000E+02  1.030600000E+02                  710312108P7
 -4.572000000E+00  1.611580000E+02  5.700000000E+01                  710312108P8
               31                1  1.080000000E+02                P 710311108P1
 -5.800000000E-02  1.807100000E+02  2.030900000E+03  2.510555556E+00 710311108P2
 -4.572000000E+00  1.611580000E+02  5.700000000E+01                  710311108P3
 -1.120000000E+01  0.000000000E+00  6.662666667E+01  2.622972222E+01 710311108P4
 -7.631000000E+01 -3.672000000E+00 -1.746300000E+01  9.377335205E+02 710311108P5
  1.100000000E+01  3.449500000E+03  6.718305556E+01  4.000000000E+01 710311108P6
  1.030477778E+02  1.030600000E+02  1.030600000E+02                  710311108P7
 -4.572000000E+00  1.611580000E+02  5.700000000E+01                  710311108P8
