              318                1  -2.77777778E-04   9.97230000E-01   693181001
  -5.65026019E-01   9.70660000E-01  -8.67052799E-01   1.01187301E-01   693181002
   2.77777778E-01   9.97230000E-01  -5.65026019E-01   9.70660000E-01   693181003
  -8.67052799E-01   1.01187301E-01   2.77777778E-01   9.97230000E-01   693181004
  -5.65026019E-01   9.70660000E-01  -8.67052799E-01   1.01187301E-01   693181005
   2.77777778E-01   9.97230000E-01  -5.65026019E-01   9.70660000E-01   693181006
  -8.67052799E-01   1.01187301E-01   2.77777778E-01   9.97230000E-01   693181007
  -5.65026019E-01   9.70660000E-01  -8.67052799E-01   1.01187301E-01   693181008
   2.77777778E-01   0.00000000E+00   0.00000000E+00   0.00000000E+00   693181009
   0.00000000E+00   0.00000000E+00   2.77777778E-01   0.00000000E+00   693181010
   0.00000000E+00   0.00000000E+00   0.00000000E+00   0.00000000E+00   693181011
   2.77777778E-01   0.00000000E+00   0.00000000E+00   0.00000000E+00   693181012
   0.00000000E+00   0.00000000E+00   2.77777778E-01   0.00000000E+00   693181013
   0.00000000E+00   0.00000000E+00   0.00000000E+00   0.00000000E+00   693181014
   2.77777778E-01   0.00000000E+00   0.00000000E+00   0.00000000E+00   693181015
   0.00000000E+00   0.00000000E+00   2.77777778E-01   0.00000000E+00   693181016
   0.00000000E+00   0.00000000E+00   0.00000000E+00   0.00000000E+00   693181017
   2.77777778E-01   0.00000000E+00   0.00000000E+00   0.00000000E+00   693181018
   0.00000000E+00   0.00000000E+00   2.77777778E-01   0.00000000E+00   693181019
   0.00000000E+00   0.00000000E+00   0.00000000E+00   0.00000000E+00   693181020
   2.77777778E-01   0.00000000E+00   0.00000000E+00   0.00000000E+00   693181021
   0.00000000E+00   0.00000000E+00   2.77777778E-01   0.00000000E+00   693181022
   0.00000000E+00   0.00000000E+00   0.00000000E+00   0.00000000E+00   693181023
              318                2  -2.77777778E-04   9.97230000E-01   693182024
  -5.65026019E-01   9.70660000E-01  -8.67052799E-01   1.01187301E-01   693182025
   2.77777778E-01   9.97230000E-01  -5.65026019E-01   9.70660000E-01   693182026
  -8.67052799E-01   1.01187301E-01   2.77777778E-01   9.97230000E-01   693182027
  -5.65026019E-01   9.70660000E-01  -8.67052799E-01   1.01187301E-01   693182028
   2.77777778E-01   9.97230000E-01  -5.65026019E-01   9.70660000E-01   693182029
  -8.67052799E-01   1.01187301E-01   2.77777778E-01   9.97230000E-01   693182030
  -5.65026019E-01   9.70660000E-01  -8.67052799E-01   1.01187301E-01   693182031
   2.77777778E-01   0.00000000E+00   0.00000000E+00   0.00000000E+00   693182032
   0.00000000E+00   0.00000000E+00   2.77777778E-01   0.00000000E+00   693182033
   0.00000000E+00   0.00000000E+00   0.00000000E+00   0.00000000E+00   693182034
   2.77777778E-01   0.00000000E+00   0.00000000E+00   0.00000000E+00   693182035
   0.00000000E+00   0.00000000E+00   2.77777778E-01   0.00000000E+00   693182036
   0.00000000E+00   0.00000000E+00   0.00000000E+00   0.00000000E+00   693182037
   2.77777778E-01   0.00000000E+00   0.00000000E+00   0.00000000E+00   693182038
   0.00000000E+00   0.00000000E+00   2.77777778E-01   0.00000000E+00   693182039
   0.00000000E+00   0.00000000E+00   0.00000000E+00   0.00000000E+00   693182040
   2.77777778E-01   0.00000000E+00   0.00000000E+00   0.00000000E+00   693182041
   0.00000000E+00   0.00000000E+00   2.77777778E-01   0.00000000E+00   693182042
   0.00000000E+00   0.00000000E+00   0.00000000E+00   0.00000000E+00   693182043
   2.77777778E-01   0.00000000E+00   0.00000000E+00   0.00000000E+00   693182044
   0.00000000E+00   0.00000000E+00   2.77777778E-01   0.00000000E+00   693182045
   0.00000000E+00   0.00000000E+00   0.00000000E+00   0.00000000E+00   693182046
              318                1   2.07846361E+00   1.04497100E+00   693181461
   2.54289306E-01   2.49052899E-01   1.03003497E+00   6.87983889E-02   693181462
   1.48069944E-01   2.71916667E-02   2.38290752E+00   1.70815651E+06   693181463
   2.08837495E-03   2.00277778E-01   0.00000000E+00   0.00000000E+00   693181464
              318                2   3.55299722E+00   1.05640797E+00   693182465
   2.74999376E-01   2.49052899E-01   1.03054860E+00   9.16686389E-02   693182466
   1.74407250E-01   2.77777778E-04   2.38290752E+00   1.70815651E+06   693182467
   2.08837495E-03   2.00277778E-01   0.00000000E+00   0.00000000E+00   693182468
              318   1.63663889E+01   1.23965832E-03   2.62515880E-01   693182541
   0.00000000E+00   0.00000000E+00  -2.74000000E-01   0.00000000E+00   693182542
   3.05116667E+00   4.58419444E+00   0.00000000E+00   1.25714321E+00   693182543
   0.00000000E+00   0.00000000E+00   0.00000000E+00   0.00000000E+00   693182544
   0.00000000E+00   3.05116667E+00   0.00000000E+00   0.00000000E+00   693182545
   0.00000000E+00   0.00000000E+00   0.00000000E+00   3.05116667E+00   693182546
   1.53302778E+00   0.00000000E+00   0.00000000E+00   0.00000000E+00   693182547
   0.00000000E+00   0.00000000E+00   4.58419444E+00   3.42666667E-01   693182548
