AGCEpoch 1969
RRBIAS 1350.0
ATPSite 0 MPL 40.0 -165 -40.0 -165.0 1e10 1e10 1e10 1e10 1e10 1e10
MHVCCG 0 23200.000000 983.634095 -2.832524 7.944029
MHVCCG 1 25400.000000 971.801686 -1.621772 7.387884
MHVCCG 2 27600.000000 962.883962 -0.604039 6.920399
MHVCCG 3 29800.000000 956.233280 0.263425 6.521939
MHVCCG 4 32000.000000 951.380100 1.011613 6.178268
MHVCCG 5 34200.000000 947.975696 1.663542 5.878811
MHVCCG 6 36400.000000 945.755652 2.236667 5.615552
MHVCCG 7 38600.000000 944.515834 2.744462 5.382302
MHVCCG 8 40800.000000 944.096135 3.197494 5.174207
MHVCCG 9 43000.000000 944.369215 3.604170 4.987405
MHVCCG 10 45200.000000 945.232525 3.971257 4.818787
MHVCCG 11 47400.000000 943.029886 4.097930 4.919588
MHVCCG 12 49600.000000 939.198979 4.067656 5.190648
MHVCCG 13 51800.000000 936.393561 4.039954 5.438684
MHVCCG 14 54000.000000 934.482288 4.014508 5.666510
MHVCCG 15 56200.000000 933.354381 3.991055 5.876499
MHVCCG 16 58400.000000 932.915756 3.969369 6.070667
MHVCCG 17 60600.000000 933.085989 3.949257 6.250736
MHVCCG 18 62800.000000 933.795927 3.930555 6.418190
MHVCCG 19 65000.000000 934.985779 3.913118 6.574308
MHVCCG_N 20