                                                                               1
              107                1  -2.77777778E-04   9.92565690E-01   721071001
  -5.01576127E-01   9.74022120E-01  -1.69878633E+00  -3.87394677E-01   721071002
   2.77777778E-01   9.92565690E-01  -5.01576127E-01   9.74022120E-01   721071003
  -1.69878633E+00  -3.87394677E-01   2.77777778E-01   9.92565690E-01   721071004
  -5.01576127E-01   9.74022120E-01  -1.69878633E+00  -3.87394677E-01   721071005
   2.77777778E-01   9.92565690E-01  -5.01576127E-01   9.74022120E-01   721071006
  -1.69878633E+00  -3.87394677E-01   2.77777778E-01   9.92565690E-01   721071007
  -5.01576127E-01   9.74022120E-01  -1.69878633E+00  -3.87394677E-01   721071008
   2.77777778E-01   0.00000000E+00   0.00000000E+00   0.00000000E+00   721071009
   0.00000000E+00   0.00000000E+00   2.77777778E-01   0.00000000E+00   721071010
   0.00000000E+00   0.00000000E+00   0.00000000E+00   0.00000000E+00   721071011
   2.77777778E-01   0.00000000E+00   0.00000000E+00   0.00000000E+00   721071012
   0.00000000E+00   0.00000000E+00   2.77777778E-01   0.00000000E+00   721071013
   0.00000000E+00   0.00000000E+00   0.00000000E+00   0.00000000E+00   721071014
   2.77777778E-01   0.00000000E+00   0.00000000E+00   0.00000000E+00   721071015
   0.00000000E+00   0.00000000E+00   2.77777778E-01   0.00000000E+00   721071016
   0.00000000E+00   0.00000000E+00   0.00000000E+00   0.00000000E+00   721071017
   2.77777778E-01   0.00000000E+00   0.00000000E+00   0.00000000E+00   721071018
   0.00000000E+00   0.00000000E+00   2.77777778E-01   0.00000000E+00   721071019
   0.00000000E+00   0.00000000E+00   0.00000000E+00   0.00000000E+00   721071020
   2.77777778E-01   0.00000000E+00   0.00000000E+00   0.00000000E+00   721071021
   0.00000000E+00   0.00000000E+00   2.77777778E-01   0.00000000E+00   721071022
   0.00000000E+00   0.00000000E+00   0.00000000E+00   0.00000000E+00   721071023
              107                2  -2.77777778E-04   9.92565690E-01   721072024
  -5.01576127E-01   9.74022120E-01  -1.69878633E+00  -3.87394677E-01   721072025
   2.77777778E-01   9.92565690E-01  -5.01576127E-01   9.74022120E-01   721072026
  -1.69878633E+00  -3.87394677E-01   2.77777778E-01   9.92565690E-01   721072027
  -5.01576127E-01   9.74022120E-01  -1.69878633E+00  -3.87394677E-01   721072028
   2.77777778E-01   9.92565690E-01  -5.01576127E-01   9.74022120E-01   721072029
  -1.69878633E+00  -3.87394677E-01   2.77777778E-01   9.92565690E-01   721072030
  -5.01576127E-01   9.74022120E-01  -1.69878633E+00  -3.87394677E-01   721072031
   2.77777778E-01   0.00000000E+00   0.00000000E+00   0.00000000E+00   721072032
   0.00000000E+00   0.00000000E+00   2.77777778E-01   0.00000000E+00   721072033
   0.00000000E+00   0.00000000E+00   0.00000000E+00   0.00000000E+00   721072034
   2.77777778E-01   0.00000000E+00   0.00000000E+00   0.00000000E+00   721072035
   0.00000000E+00   0.00000000E+00   2.77777778E-01   0.00000000E+00   721072036
   0.00000000E+00   0.00000000E+00   0.00000000E+00   0.00000000E+00   721072037
   2.77777778E-01   0.00000000E+00   0.00000000E+00   0.00000000E+00   721072038
   0.00000000E+00   0.00000000E+00   2.77777778E-01   0.00000000E+00   721072039
   0.00000000E+00   0.00000000E+00   0.00000000E+00   0.00000000E+00   721072040
   2.77777778E-01   0.00000000E+00   0.00000000E+00   0.00000000E+00   721072041
   0.00000000E+00   0.00000000E+00   2.77777778E-01   0.00000000E+00   721072042
   0.00000000E+00   0.00000000E+00   0.00000000E+00   0.00000000E+00   721072043
   2.77777778E-01   0.00000000E+00   0.00000000E+00   0.00000000E+00   721072044
   0.00000000E+00   0.00000000E+00   2.77777778E-01   0.00000000E+00   721072045
   0.00000000E+00   0.00000000E+00   0.00000000E+00   0.00000000E+00   721072046
              107                1   1.95752778E+00   1.04497100E+00   721071461
   2.54289306E-01   2.49052899E-01   1.02713131E+00   8.18539444E-02   721071462
   1.61125500E-01   1.38888889E-02   2.38290752E+00   1.70815651E+06   721071463
   2.08837495E-03   2.00277778E-01   0.00000000E+00   0.00000000E+00   721071464
              107                2   3.43206111E+00   1.05640797E+00   721072465
   2.74999376E-01   2.49052899E-01   1.02764494E+00   9.16686389E-02   721072466
   1.74407250E-01   2.77777778E-04   2.38290752E+00   1.70815651E+06   721072467
   2.08837495E-03   2.00277778E-01   0.00000000E+00   0.00000000E+00   721072468
              107   1.78997222E+01   1.23965832E-03   2.62515880E-01   721072541
   0.00000000E+00   0.00000000E+00  -2.74000000E-01   0.00000000E+00   721072542
   3.05116667E+00   4.58419444E+00   0.00000000E+00   1.25723047E+00   721072543
   0.00000000E+00   0.00000000E+00   0.00000000E+00   0.00000000E+00   721072544
   0.00000000E+00   3.05116667E+00   0.00000000E+00   0.00000000E+00   721072545
   0.00000000E+00   0.00000000E+00   0.00000000E+00   3.05116667E+00   721072546
   1.53302778E+00   0.00000000E+00   0.00000000E+00   0.00000000E+00   721072547
   0.00000000E+00   0.00000000E+00   4.58419444E+00   3.42666667E-01   721072548
