              356                2  7.200000000E+01                P 683562072P1
 -5.678220000E+00  1.800000000E+02  6.000000000E+01  2.841944444E+00 683562072P2
 -5.678220000E+00  1.800000000E+02  6.000000000E+01                  683562072P3
  2.400000000E+00  0.000000000E+00  2.005833333E+01  1.299055556E+01 683562072P4
 -7.800000000E+01  2.631700000E+00  3.402530000E+01  9.376735205E+02 683562072P5
 -2.300000000E+00  3.531700000E+03  5.750972222E+01  3.373000000E+01 683562072P6
  8.200000000E+01  8.200000000E+01  8.200000000E+01                  683562072P7
 -5.678220000E+00  1.800000000E+02  6.000000000E+01                  683562072P8
              356                1  7.200000000E+01                P 683561072P1
 -5.678220000E+00  1.800000000E+02  6.000000000E+01  2.841944444E+00 683561072P2
 -5.678220000E+00  1.800000000E+02  6.000000000E+01                  683561072P3
  2.400000000E+00  0.000000000E+00  2.005833333E+01  1.299055556E+01 683561072P4
 -7.800000000E+01  2.631700000E+00  3.402530000E+01  9.376735205E+02 683561072P5
 -2.300000000E+00  3.531700000E+03  5.750972222E+01  3.373000000E+01 683561072P6
  8.200000000E+01  8.200000000E+01  8.200000000E+01                  683561072P7
 -5.678220000E+00  1.800000000E+02  6.000000000E+01                  683561072P8
              356                2  1.080000000E+02                P 683562108P1
 -5.678220000E+00  1.800000000E+02  6.000000000E+01  2.841944444E+00 683562108P2
 -5.678220000E+00  1.800000000E+02  6.000000000E+01                  683562108P3
  2.400000000E+00  0.000000000E+00  2.005833333E+01  1.299055556E+01 683562108P4
 -7.800000000E+01  2.631700000E+00  3.402530000E+01  9.376735205E+02 683562108P5
 -2.300000000E+00  3.531700000E+03  5.750972222E+01  3.373000000E+01 683562108P6
  8.200000000E+01  8.200000000E+01  8.200000000E+01                  683562108P7
 -5.678220000E+00  1.800000000E+02  6.000000000E+01                  683562108P8
              356                1  1.080000000E+02                P 683561108P1
 -5.678220000E+00  1.800000000E+02  6.000000000E+01  2.841944444E+00 683561108P2
 -5.678220000E+00  1.800000000E+02  6.000000000E+01                  683561108P3
  2.400000000E+00  0.000000000E+00  2.005833333E+01  1.299055556E+01 683561108P4
 -7.800000000E+01  2.631700000E+00  3.402530000E+01  9.376735205E+02 683561108P5
 -2.300000000E+00  3.531700000E+03  5.750972222E+01  3.373000000E+01 683561108P6
  8.200000000E+01  8.200000000E+01  8.200000000E+01                  683561108P7
 -5.678220000E+00  1.800000000E+02  6.000000000E+01                  683561108P8
