              207                2  7.200000000E+01                P 712072072P1
 -1.690500000E+01  1.756250000E+02  6.788000000E+01  2.832777778E+00 712072072P2
 -1.690500000E+01  1.756250000E+02  6.788000000E+01                  712072072P3
 -7.900000000E+00  0.000000000E+00  1.452475000E+02  2.612777778E+01 712072072P4
 -9.100000000E+01  2.607390000E+01  3.653900000E+00  9.365735205E+02 712072072P5
  5.600000000E+00  3.046700000E+03  7.122222222E+01  7.500000000E+01 712072072P6
  9.215027778E+01  9.215027778E+01  9.215027778E+01                  712072072P7
 -1.690500000E+01  1.756250000E+02  6.788000000E+01                  712072072P8
              207                1  7.200000000E+01                P 712071072P1
 -1.690500000E+01  1.756250000E+02  6.788000000E+01  2.832777778E+00 712071072P2
 -1.690500000E+01  1.756250000E+02  6.788000000E+01                  712071072P3
 -7.900000000E+00  0.000000000E+00  1.452475000E+02  2.612777778E+01 712071072P4
 -9.100000000E+01  2.607390000E+01  3.653900000E+00  9.365735205E+02 712071072P5
  5.600000000E+00  3.046700000E+03  7.122222222E+01  7.500000000E+01 712071072P6
  9.215027778E+01  9.215027778E+01  9.215027778E+01                  712071072P7
 -1.690500000E+01  1.756250000E+02  6.788000000E+01                  712071072P8
              207                2  1.080000000E+02                P 712072108P1
 -1.690500000E+01  1.756250000E+02  6.788000000E+01  2.832777778E+00 712072108P2
 -1.690500000E+01  1.756250000E+02  6.788000000E+01                  712072108P3
 -7.900000000E+00  0.000000000E+00  1.452475000E+02  2.612777778E+01 712072108P4
 -9.100000000E+01  2.607390000E+01  3.653900000E+00  9.365735205E+02 712072108P5
  5.600000000E+00  3.046700000E+03  7.122222222E+01  7.500000000E+01 712072108P6
  9.215027778E+01  9.215027778E+01  9.215027778E+01                  712072108P7
 -1.690500000E+01  1.756250000E+02  6.788000000E+01                  712072108P8
              207                1  1.080000000E+02                P 712071108P1
 -1.690500000E+01  1.756250000E+02  6.788000000E+01  2.832777778E+00 712071108P2
 -1.690500000E+01  1.756250000E+02  6.788000000E+01                  712071108P3
 -7.900000000E+00  0.000000000E+00  1.452475000E+02  2.612777778E+01 712071108P4
 -9.100000000E+01  2.607390000E+01  3.653900000E+00  9.365735205E+02 712071108P5
  5.600000000E+00  3.046700000E+03  7.122222222E+01  7.500000000E+01 712071108P6
  9.215027778E+01  9.215027778E+01  9.215027778E+01                  712071108P7
 -1.690500000E+01  1.756250000E+02  6.788000000E+01                  712071108P8
