               31                1   0.00000000E+00   9.95866200E-01   710311001
  -5.33382469E-01   9.72309800E-01  -1.99635113E+00  -4.65076350E-01   710311002
   1.56085528E+00   9.95536200E-01  -5.27118621E-01   9.72633200E-01   710311003
  -1.99569233E+00  -4.65051531E-01   2.99372500E+00   9.95094100E-01   710311004
  -5.20189268E-01   9.72993700E-01  -1.99658172E+00  -4.65161487E-01   710311005
   3.81788056E+00   9.94783900E-01  -5.14813611E-01   9.73273500E-01   710311006
  -1.99797784E+00  -4.64945974E-01   0.00000000E+00   0.00000000E+00   710311007
   0.00000000E+00   0.00000000E+00   0.00000000E+00   0.00000000E+00   710311008
   0.00000000E+00   0.00000000E+00   0.00000000E+00   0.00000000E+00   710311009
   0.00000000E+00   0.00000000E+00   0.00000000E+00   0.00000000E+00   710311010
   0.00000000E+00   0.00000000E+00   0.00000000E+00   0.00000000E+00   710311011
   0.00000000E+00   0.00000000E+00   0.00000000E+00   0.00000000E+00   710311012
   0.00000000E+00   0.00000000E+00   0.00000000E+00   0.00000000E+00   710311013
   0.00000000E+00   0.00000000E+00   0.00000000E+00   0.00000000E+00   710311014
   0.00000000E+00   0.00000000E+00   0.00000000E+00   0.00000000E+00   710311015
   0.00000000E+00   0.00000000E+00   0.00000000E+00   0.00000000E+00   710311016
   0.00000000E+00   0.00000000E+00   0.00000000E+00   0.00000000E+00   710311017
   0.00000000E+00   0.00000000E+00   0.00000000E+00   0.00000000E+00   710311018
   0.00000000E+00   0.00000000E+00   0.00000000E+00   0.00000000E+00   710311019
   0.00000000E+00   0.00000000E+00   0.00000000E+00   0.00000000E+00   710311020
   0.00000000E+00   0.00000000E+00   0.00000000E+00   0.00000000E+00   710311021
   0.00000000E+00   0.00000000E+00   0.00000000E+00   0.00000000E+00   710311022
   0.00000000E+00   0.00000000E+00   0.00000000E+00   0.00000000E+00   710311023
               31                2   0.00000000E+00   9.95592800E-01   710312024
  -5.25871714E-01   9.72692300E-01  -1.99557327E+00  -4.64276500E-01   710312025
   1.56085528E+00   9.95109100E-01  -5.18567396E-01   9.73070700E-01   710312026
  -1.99645166E+00  -4.64656005E-01   2.99372500E+00   9.94568400E-01   710312027
  -5.10736152E-01   9.73477500E-01  -1.99784213E+00  -4.64926182E-01   710312028
   3.81788056E+00   9.94266800E-01  -5.04754245E-01   9.73788700E-01   710312029
  -1.99877267E+00  -4.64646266E-01   0.00000000E+00   0.00000000E+00   710312030
   0.00000000E+00   0.00000000E+00   0.00000000E+00   0.00000000E+00   710312031
   0.00000000E+00   0.00000000E+00   0.00000000E+00   0.00000000E+00   710312032
   0.00000000E+00   0.00000000E+00   0.00000000E+00   0.00000000E+00   710312033
   0.00000000E+00   0.00000000E+00   0.00000000E+00   0.00000000E+00   710312034
   0.00000000E+00   0.00000000E+00   0.00000000E+00   0.00000000E+00   710312035
   0.00000000E+00   0.00000000E+00   0.00000000E+00   0.00000000E+00   710312036
   0.00000000E+00   0.00000000E+00   0.00000000E+00   0.00000000E+00   710312037
   0.00000000E+00   0.00000000E+00   0.00000000E+00   0.00000000E+00   710312038
   0.00000000E+00   0.00000000E+00   0.00000000E+00   0.00000000E+00   710312039
   0.00000000E+00   0.00000000E+00   0.00000000E+00   0.00000000E+00   710312040
   0.00000000E+00   0.00000000E+00   0.00000000E+00   0.00000000E+00   710312041
   0.00000000E+00   0.00000000E+00   0.00000000E+00   0.00000000E+00   710312042
   0.00000000E+00   0.00000000E+00   0.00000000E+00   0.00000000E+00   710312043
   0.00000000E+00   0.00000000E+00   0.00000000E+00   0.00000000E+00   710312044
   0.00000000E+00   0.00000000E+00   0.00000000E+00   0.00000000E+00   710312045
   0.00000000E+00   0.00000000E+00   0.00000000E+00   0.00000000E+00   710312046
               31                1   1.92353333E+00   1.08035444E+00   710311461
   2.49043600E-01   2.49052899E-01   1.02928476E+00   6.75000000E-02   710311462
   1.55833333E-01   3.63888889E-02   2.38290752E+00   1.70815651E+06   710311463
   2.08837495E-03   2.00277778E-01   0.00000000E+00   0.00000000E+00   710311464
               31                2   3.39865833E+00   1.06090327E+00   710312465
   2.48973291E-01   2.45254934E-01   1.02977000E+00   9.30555556E-02   710312466
   1.95833333E-01   2.77777778E-04   2.38290752E+00   1.70815651E+06   710312467
   2.08837495E-03   2.00277778E-01   0.00000000E+00   0.00000000E+00   710312468
               31   2.03725972E+01  -8.05567644E-02   2.62515880E-01   710312541
   0.00000000E+00   0.00000000E+00  -2.74000000E-01   0.00000000E+00   710312542
   3.08156111E+00   3.81788056E+00   0.00000000E+00   1.25681236E+00   710312543
   2.86982573E-01  -2.10071075E-02  -3.14070233E-02   5.49218883E-02   710312544
   0.00000000E+00   3.08156111E+00   1.54664690E+00   9.12922949E-02   710312545
   2.59677860E-02  -6.50300883E-03   1.80859604E-02   3.08156111E+00   710312546
   7.36319444E-01   0.00000000E+00   0.00000000E+00   0.00000000E+00   710312547
   0.00000000E+00   0.00000000E+00   3.81788056E+00   0.00000000E+00   710312548
