AGCEpoch 1969
MCLADA 28.608202
MDVSTP_PHIL 28.608202
MCLGRA -80.602087222
MCCLEX 3431
RRBIAS 1285.0
ATPSite 0 MPL 40.0 -165 -40.0 -165.0 1e10 1e10 1e10 1e10 1e10 1e10
MHVCCG 0 23200.000000 983.229088 -2.881199 7.984966
MHVCCG 1 25400.000000 971.415995 -1.666232 7.425275
MHVCCG 2 27600.000000 962.514540 -0.644955 6.954810
MHVCCG 3 29800.000000 955.877755 0.225530 6.553810
MHVCCG 4 32000.000000 951.036587 0.976323 6.207947
MHVCCG 5 34200.000000 947.642677 1.630522 5.906581
MHVCCG 6 36400.000000 945.431883 2.205643 5.641644
MHVCCG 7 38600.000000 944.200283 2.715206 5.406907
MHVCCG 8 40800.000000 943.787938 3.169816 5.197485
MHVCCG 9 43000.000000 944.067639 3.577907 5.009492
MHVCCG 10 45200.000000 944.936946 3.946273 4.839799
MHVCCG 11 47400.000000 942.826566 4.079162 4.933406
MHVCCG 12 49600.000000 938.994328 4.049720 5.203854
MHVCCG 13 51800.000000 936.187781 4.022779 5.451329
MHVCCG 14 54000.000000 934.275555 3.998034 5.678640
MHVCCG 15 56200.000000 933.146851 3.975225 5.888154
MHVCCG 16 58400.000000 932.707568 3.954135 6.081882
MHVCCG 17 60600.000000 932.877265 3.934577 6.261545
MHVCCG 18 62800.000000 933.586779 3.916389 6.428620
MHVCCG 19 65000.000000 934.776305 3.899431 6.584385
MHVCCG_N 20