                                                                               1
              356                1   0.00000000E+00   9.90527300E-01   683561001
  -4.51956590E-01   9.76547400E-01   2.80676869E+00   1.90139659E-01   683561002
   9.33584722E-01   9.90042200E-01  -4.48248362E-01   9.76736600E-01   683561003
   2.81114947E+00   1.85467413E-01   2.12640111E+00   9.89930600E-01   683561004
  -4.46573924E-01   9.76821200E-01   2.82094076E+00   1.80112743E-01   683561005
   3.44575833E+00   9.90152500E-01  -4.47235289E-01   9.76786500E-01   683561006
   2.83474632E+00   1.74290150E-01   4.68817222E+00   9.90738600E-01   683561007
  -4.50106299E-01   9.76639200E-01   2.85083825E+00   1.69370241E-01   683561008
   0.00000000E+00   0.00000000E+00   0.00000000E+00   0.00000000E+00   683561009
   0.00000000E+00   0.00000000E+00   0.00000000E+00   0.00000000E+00   683561010
   0.00000000E+00   0.00000000E+00   0.00000000E+00   0.00000000E+00   683561011
   0.00000000E+00   0.00000000E+00   0.00000000E+00   0.00000000E+00   683561012
   0.00000000E+00   0.00000000E+00   0.00000000E+00   0.00000000E+00   683561013
   0.00000000E+00   0.00000000E+00   0.00000000E+00   0.00000000E+00   683561014
   0.00000000E+00   0.00000000E+00   0.00000000E+00   0.00000000E+00   683561015
   0.00000000E+00   0.00000000E+00   0.00000000E+00   0.00000000E+00   683561016
   0.00000000E+00   0.00000000E+00   0.00000000E+00   0.00000000E+00   683561017
   0.00000000E+00   0.00000000E+00   0.00000000E+00   0.00000000E+00   683561018
   0.00000000E+00   0.00000000E+00   0.00000000E+00   0.00000000E+00   683561019
   0.00000000E+00   0.00000000E+00   0.00000000E+00   0.00000000E+00   683561020
   0.00000000E+00   0.00000000E+00   0.00000000E+00   0.00000000E+00   683561021
   0.00000000E+00   0.00000000E+00   0.00000000E+00   0.00000000E+00   683561022
   0.00000000E+00   0.00000000E+00   0.00000000E+00   0.00000000E+00   683561023
              356                2   0.00000000E+00   9.85711700E-01   683562024
  -4.54466653E-01   9.76399200E-01   2.79530188E+00   1.64692759E-01   683562025
   9.33584722E-01   9.86339600E-01  -4.50595950E-01   9.76597400E-01   683562026
   2.80505827E+00   1.65151780E-01   2.12640111E+00   9.86488000E-01   683562027
  -4.48958468E-01   9.76680700E-01   2.81610620E+00   1.60949028E-01   683562028
   3.44575833E+00   9.86289900E-01  -4.49836465E-01   9.76634500E-01   683562029
   2.82779991E+00   1.53142170E-01   4.68817222E+00   9.85699500E-01   683562030
  -4.53014263E-01   9.76470400E-01   2.83821952E+00   1.42452028E-01   683562031
   0.00000000E+00   0.00000000E+00   0.00000000E+00   0.00000000E+00   683562032
   0.00000000E+00   0.00000000E+00   0.00000000E+00   0.00000000E+00   683562033
   0.00000000E+00   0.00000000E+00   0.00000000E+00   0.00000000E+00   683562034
   0.00000000E+00   0.00000000E+00   0.00000000E+00   0.00000000E+00   683562035
   0.00000000E+00   0.00000000E+00   0.00000000E+00   0.00000000E+00   683562036
   0.00000000E+00   0.00000000E+00   0.00000000E+00   0.00000000E+00   683562037
   0.00000000E+00   0.00000000E+00   0.00000000E+00   0.00000000E+00   683562038
   0.00000000E+00   0.00000000E+00   0.00000000E+00   0.00000000E+00   683562039
   0.00000000E+00   0.00000000E+00   0.00000000E+00   0.00000000E+00   683562040
   0.00000000E+00   0.00000000E+00   0.00000000E+00   0.00000000E+00   683562041
   0.00000000E+00   0.00000000E+00   0.00000000E+00   0.00000000E+00   683562042
   0.00000000E+00   0.00000000E+00   0.00000000E+00   0.00000000E+00   683562043
   0.00000000E+00   0.00000000E+00   0.00000000E+00   0.00000000E+00   683562044
   0.00000000E+00   0.00000000E+00   0.00000000E+00   0.00000000E+00   683562045
   0.00000000E+00   0.00000000E+00   0.00000000E+00   0.00000000E+00   683562046
              356                1   2.22287250E+00   9.86058667E-01   683561461
   2.62061187E-01   2.55202043E-01   1.03016965E+00   8.63400833E-02   683561462
   1.90139944E-01   0.00000000E+00   2.38290752E+00   1.70815651E+06   683561463
   2.38187629E-03   2.00277778E-01   0.00000000E+00   0.00000000E+00   683561464
              356                2   3.68866944E+00   9.91486641E-01   683562465
   2.79200320E-01   2.39214827E-01   1.03073251E+00   8.57459444E-02   683562466
   1.89475750E-01   0.00000000E+00   2.38290752E+00   1.70815651E+06   683562467
   2.38187629E-03   2.00277778E-01   0.00000000E+00   0.00000000E+00   683562468
              356   1.28395639E+01   3.52928311E+00   2.62515880E-01   683562541
   0.00000000E+00   0.00000000E+00   0.00000000E+00   0.00000000E+00   683562542
   2.12639972E+00   4.68816944E+00   0.00000000E+00   1.25676465E+00   683562543
   4.15139827E-01  -1.60933843E-01   6.65554956E-02  -6.65075165E-03   683562544
   0.00000000E+00   2.12639972E+00   1.57091745E+00   3.06521530E-01   683562545
  -4.12840181E-03  -1.13823392E-02   2.30013451E-02   2.12639972E+00   683562546
   2.56177083E+00   0.00000000E+00   0.00000000E+00   0.00000000E+00   683562547
   0.00000000E+00   0.00000000E+00   4.68816944E+00   0.00000000E+00   683562548
