AGCEpoch 1969
MCCLEX 3431
MCCLRF 1735
MHVCCG 0 23000.000000 983.800286 -2.812104 7.923288
MHVCCG 1 25200.000000 971.864106 -1.593526 7.364539
MHVCCG 2 27400.000000 962.880541 -0.570632 6.895517
MHVCCG 3 29600.000000 956.189115 0.300210 6.496214
MHVCCG 4 31800.000000 951.312123 1.050559 6.152160
MHVCCG 5 34000.000000 947.895505 1.703803 5.852631
MHVCCG 6 36200.000000 945.671268 2.277648 5.589509
MHVCCG 7 38400.000000 944.432836 2.785739 5.356537
MHVCCG 8 40600.000000 944.018406 3.238766 5.148812
MHVCCG 9 42800.000000 944.299444 3.645221 4.962443
MHVCCG 10 45000.000000 945.172552 4.011933 4.794296
MHVCCG 11 47200.000000 942.940318 4.135762 4.898491
MHVCCG 12 49400.000000 939.100928 4.103681 5.171589
MHVCCG 13 51600.000000 936.291700 4.074335 5.421399
MHVCCG 14 53800.000000 934.380227 4.047389 5.650778
MHVCCG 15 56000.000000 933.254910 4.022560 5.862135
MHVCCG 16 58200.000000 932.821025 3.999609 6.057513
MHVCCG 17 60400.000000 932.997646 3.978329 6.238658
MHVCCG 18 62600.000000 933.715227 3.958545 6.407071
MHVCCG 19 64800.000000 934.913663 3.940104 6.564048
MHVCCG_N 20