              138                1   0.00000000E+00   9.92540000E-01   691381001
  -4.16571362E-01   9.78360000E-01   1.75954723E+00  -4.03925546E-01   691381002
   1.56085528E+00   9.92540000E-01  -4.16571362E-01   9.78360000E-01   691381003
   1.75954723E+00  -4.03925546E-01   2.99372500E+00   9.92540000E-01   691381004
  -4.47177945E-01   9.76850000E-01   1.75954723E+00  -4.03925546E-01   691381005
   3.81788056E+00   9.92540000E-01  -4.48770827E-01   9.76750000E-01   691381006
   1.75954723E+00  -4.03925546E-01   0.00000000E+00   9.92540000E-01   691381007
  -4.50363708E-01   9.76650000E-01   0.00000000E+00   0.00000000E+00   691381008
   0.00000000E+00   0.00000000E+00   0.00000000E+00   0.00000000E+00   691381009
   0.00000000E+00   0.00000000E+00   0.00000000E+00   0.00000000E+00   691381010
   0.00000000E+00   0.00000000E+00   0.00000000E+00   0.00000000E+00   691381011
   0.00000000E+00   0.00000000E+00   0.00000000E+00   0.00000000E+00   691381012
   0.00000000E+00   0.00000000E+00   0.00000000E+00   0.00000000E+00   691381013
   0.00000000E+00   0.00000000E+00   0.00000000E+00   0.00000000E+00   691381014
   0.00000000E+00   0.00000000E+00   0.00000000E+00   0.00000000E+00   691381015
   0.00000000E+00   0.00000000E+00   0.00000000E+00   0.00000000E+00   691381016
   0.00000000E+00   0.00000000E+00   0.00000000E+00   0.00000000E+00   691381017
   0.00000000E+00   0.00000000E+00   0.00000000E+00   0.00000000E+00   691381018
   0.00000000E+00   0.00000000E+00   0.00000000E+00   0.00000000E+00   691381019
   0.00000000E+00   0.00000000E+00   0.00000000E+00   0.00000000E+00   691381020
   0.00000000E+00   0.00000000E+00   0.00000000E+00   0.00000000E+00   691381021
   0.00000000E+00   0.00000000E+00   0.00000000E+00   0.00000000E+00   691381022
   0.00000000E+00   0.00000000E+00   0.00000000E+00   0.00000000E+00   691381023
              138                2   0.00000000E+00   9.92540000E-01   691382024
  -4.54466653E-01   9.76350000E-01   1.75954723E+00  -4.03925546E-01   691382025
   1.56085528E+00   9.92540000E-01  -4.51280890E-01   9.76550000E-01   691382026
   1.75954723E+00  -4.03925546E-01   2.99372500E+00   9.92540000E-01   691382027
  -4.49688008E-01   9.76650000E-01   1.75954723E+00  -4.03925546E-01   691382028
   3.81788056E+00   9.92540000E-01  -4.51280890E-01   9.76650000E-01   691382029
   1.75954723E+00  -4.03925546E-01   0.00000000E+00   9.92540000E-01   691382030
  -4.54466653E-01   9.76550000E-01   0.00000000E+00   0.00000000E+00   691382031
   0.00000000E+00   0.00000000E+00   0.00000000E+00   0.00000000E+00   691382032
   0.00000000E+00   0.00000000E+00   0.00000000E+00   0.00000000E+00   691382033
   0.00000000E+00   0.00000000E+00   0.00000000E+00   0.00000000E+00   691382034
   0.00000000E+00   0.00000000E+00   0.00000000E+00   0.00000000E+00   691382035
   0.00000000E+00   0.00000000E+00   0.00000000E+00   0.00000000E+00   691382036
   0.00000000E+00   0.00000000E+00   0.00000000E+00   0.00000000E+00   691382037
   0.00000000E+00   0.00000000E+00   0.00000000E+00   0.00000000E+00   691382038
   0.00000000E+00   0.00000000E+00   0.00000000E+00   0.00000000E+00   691382039
   0.00000000E+00   0.00000000E+00   0.00000000E+00   0.00000000E+00   691382040
   0.00000000E+00   0.00000000E+00   0.00000000E+00   0.00000000E+00   691382041
   0.00000000E+00   0.00000000E+00   0.00000000E+00   0.00000000E+00   691382042
   0.00000000E+00   0.00000000E+00   0.00000000E+00   0.00000000E+00   691382043
   0.00000000E+00   0.00000000E+00   0.00000000E+00   0.00000000E+00   691382044
   0.00000000E+00   0.00000000E+00   0.00000000E+00   0.00000000E+00   691382045
   0.00000000E+00   0.00000000E+00   0.00000000E+00   0.00000000E+00   691382046
              138                1   1.93815028E+00   1.04497100E+00   691381461
   2.54289306E-01   2.49052899E-01   1.03003497E+00   6.23789444E-02   691381462
   1.48069944E-01   3.36111111E-02   2.38290752E+00   1.70815651E+06   691381463
   2.08837495E-03   2.00277778E-01   0.00000000E+00   0.00000000E+00   691381464
              138                2   3.40394722E+00   1.05640797E+00   691382465
   2.74999376E-01   2.45254934E-01   1.03054860E+00   9.16686389E-02   691382466
   1.74407250E-01   2.77777778E-04   2.38290752E+00   1.70815651E+06   691382467
   2.08837495E-03   2.00277778E-01   0.00000000E+00   0.00000000E+00   691382468
              138   1.68163889E+01  -2.77224788E+00   2.62515880E-01   691382541
   0.00000000E+00   0.00000000E+00   0.00000000E+00   0.00000000E+00   691382542
   2.77777778E-01   5.55555556E-01   8.33333333E-01   1.25712575E+00   691382543
   0.00000000E+00   0.00000000E+00   0.00000000E+00   0.00000000E+00   691382544
   0.00000000E+00   2.77777778E-04   0.00000000E+00   0.00000000E+00   691382545
   0.00000000E+00   0.00000000E+00   0.00000000E+00   0.00000000E+00   691382546
   2.77777778E-04   0.00000000E+00   0.00000000E+00   0.00000000E+00   691382547
   0.00000000E+00   0.00000000E+00   0.00000000E+00   2.77777778E-04   691382548
