                                                                               1
              342                1   0.00000000E+00   9.96995700E-01   723421001
  -5.49665542E-01   9.71525100E-01   2.41062855E+00   2.38310663E-01   723421002
   1.09938167E+00   9.96808700E-01  -5.44594763E-01   9.71788400E-01   723421003
   2.41084721E+00   2.38248836E-01   2.22348222E+00   9.96446700E-01   723421004
  -5.38980174E-01   9.72079300E-01   2.40929055E+00   2.39055252E-01   723421005
   3.22213889E+00   9.96147300E-01  -5.33542395E-01   9.72360800E-01   723421006
   2.40835310E+00   2.39523349E-01   3.64770556E+00   9.96018500E-01   723421007
  -5.31095410E-01   9.72487400E-01   2.40800407E+00   2.39690105E-01   723421008
   0.00000000E+00   0.00000000E+00   0.00000000E+00   0.00000000E+00   723421009
   0.00000000E+00   0.00000000E+00   0.00000000E+00   0.00000000E+00   723421010
   0.00000000E+00   0.00000000E+00   0.00000000E+00   0.00000000E+00   723421011
   0.00000000E+00   0.00000000E+00   0.00000000E+00   0.00000000E+00   723421012
   0.00000000E+00   0.00000000E+00   0.00000000E+00   0.00000000E+00   723421013
   0.00000000E+00   0.00000000E+00   0.00000000E+00   0.00000000E+00   723421014
   0.00000000E+00   0.00000000E+00   0.00000000E+00   0.00000000E+00   723421015
   0.00000000E+00   0.00000000E+00   0.00000000E+00   0.00000000E+00   723421016
   0.00000000E+00   0.00000000E+00   0.00000000E+00   0.00000000E+00   723421017
   0.00000000E+00   0.00000000E+00   0.00000000E+00   0.00000000E+00   723421018
   0.00000000E+00   0.00000000E+00   0.00000000E+00   0.00000000E+00   723421019
   0.00000000E+00   0.00000000E+00   0.00000000E+00   0.00000000E+00   723421020
   0.00000000E+00   0.00000000E+00   0.00000000E+00   0.00000000E+00   723421021
   0.00000000E+00   0.00000000E+00   0.00000000E+00   0.00000000E+00   723421022
   0.00000000E+00   0.00000000E+00   0.00000000E+00   0.00000000E+00   723421023
              342                2   0.00000000E+00   9.96548400E-01   723422024
  -5.42138540E-01   9.71910300E-01   2.40887743E+00   2.39247329E-01   723422025
   1.09938167E+00   9.96278800E-01  -5.36590851E-01   9.72197900E-01   723422026
   2.40843258E+00   2.39470916E-01   2.22348222E+00   9.95973100E-01   723422027
  -5.30438824E-01   9.72516600E-01   2.40783788E+00   2.39784447E-01   723422028
   3.22213889E+00   9.95640700E-01  -5.24446403E-01   9.72826700E-01   723422029
   2.40685173E+00   2.40264859E-01   3.64770556E+00   9.95472800E-01   723422030
  -5.21743283E-01   9.72966900E-01   2.40624823E+00   2.40557404E-01   723422031
   0.00000000E+00   0.00000000E+00   0.00000000E+00   0.00000000E+00   723422032
   0.00000000E+00   0.00000000E+00   0.00000000E+00   0.00000000E+00   723422033
   0.00000000E+00   0.00000000E+00   0.00000000E+00   0.00000000E+00   723422034
   0.00000000E+00   0.00000000E+00   0.00000000E+00   0.00000000E+00   723422035
   0.00000000E+00   0.00000000E+00   0.00000000E+00   0.00000000E+00   723422036
   0.00000000E+00   0.00000000E+00   0.00000000E+00   0.00000000E+00   723422037
   0.00000000E+00   0.00000000E+00   0.00000000E+00   0.00000000E+00   723422038
   0.00000000E+00   0.00000000E+00   0.00000000E+00   0.00000000E+00   723422039
   0.00000000E+00   0.00000000E+00   0.00000000E+00   0.00000000E+00   723422040
   0.00000000E+00   0.00000000E+00   0.00000000E+00   0.00000000E+00   723422041
   0.00000000E+00   0.00000000E+00   0.00000000E+00   0.00000000E+00   723422042
   0.00000000E+00   0.00000000E+00   0.00000000E+00   0.00000000E+00   723422043
   0.00000000E+00   0.00000000E+00   0.00000000E+00   0.00000000E+00   723422044
   0.00000000E+00   0.00000000E+00   0.00000000E+00   0.00000000E+00   723422045
   0.00000000E+00   0.00000000E+00   0.00000000E+00   0.00000000E+00   723422046
              342                1   2.77553944E+00   1.07426007E+00   723421461
   2.31430638E-01   2.41985321E-01   1.02746041E+00   7.10831111E-02   723421462
   1.53788306E-01   2.33333333E-02   2.38290752E+00   1.70815651E+06   723421463
   2.06579792E-03   2.00277778E-01   0.00000000E+00   0.00000000E+00   723421464
              342                2   4.24674722E+00   1.08189194E+00   723422465
   2.63967108E-01   2.45545531E-01   1.02791461E+00   9.17110278E-02   723422466
   1.74225306E-01   2.77777778E-04   2.38290752E+00   1.70815651E+06   723422467
   2.06579792E-03   2.00277778E-01   0.00000000E+00   0.00000000E+00   723422468
              342   2.86710278E+00   6.69889327E-01   2.62515880E-01   723422541
   0.00000000E+00   0.00000000E+00  -2.74000000E-01   0.00000000E+00   723422542
   3.64770556E+00   4.58419444E+00   0.00000000E+00   1.25695342E+00   723422543
   4.86054963E-01  -1.03638377E-01   7.35488623E-02   3.21164389E-02   723422544
   0.00000000E+00   3.64770556E+00   0.00000000E+00   0.00000000E+00   723422545
   0.00000000E+00   0.00000000E+00   0.00000000E+00   3.64770556E+00   723422546
   1.53302778E+00   0.00000000E+00   0.00000000E+00   0.00000000E+00   723422547
   0.00000000E+00   0.00000000E+00   4.58419444E+00   3.42666667E-01   723422548
