                                                                               3
              197                1   0.00000000E+00   9.92043000E-01   691971001
  -4.57820943E-01   9.76220300E-01  -6.92415206E-02  -2.50792965E-02   691971002
   1.05203611E+00   9.92013400E-01  -4.57956019E-01   9.76209800E-01   691971003
  -6.17899753E-02  -2.10914341E-02   2.22615167E+00   9.91989300E-01   691971004
  -4.58283197E-01   9.76190800E-01  -5.34131698E-02  -1.65594228E-02   691971005
   3.38043889E+00   9.92049600E-01  -4.58718691E-01   9.76167900E-01   691971006
  -4.45874621E-02  -1.17882264E-02   4.38445278E+00   9.91998800E-01   691971007
  -4.59226820E-01   9.76143200E-01  -3.76357459E-02  -8.01017534E-03   691971008
   0.00000000E+00   0.00000000E+00   0.00000000E+00   0.00000000E+00   691971009
   0.00000000E+00   0.00000000E+00   0.00000000E+00   0.00000000E+00   691971010
   0.00000000E+00   0.00000000E+00   0.00000000E+00   0.00000000E+00   691971011
   0.00000000E+00   0.00000000E+00   0.00000000E+00   0.00000000E+00   691971012
   0.00000000E+00   0.00000000E+00   0.00000000E+00   0.00000000E+00   691971013
   0.00000000E+00   0.00000000E+00   0.00000000E+00   0.00000000E+00   691971014
   0.00000000E+00   0.00000000E+00   0.00000000E+00   0.00000000E+00   691971015
   0.00000000E+00   0.00000000E+00   0.00000000E+00   0.00000000E+00   691971016
   0.00000000E+00   0.00000000E+00   0.00000000E+00   0.00000000E+00   691971017
   0.00000000E+00   0.00000000E+00   0.00000000E+00   0.00000000E+00   691971018
   0.00000000E+00   0.00000000E+00   0.00000000E+00   0.00000000E+00   691971019
   0.00000000E+00   0.00000000E+00   0.00000000E+00   0.00000000E+00   691971020
   0.00000000E+00   0.00000000E+00   0.00000000E+00   0.00000000E+00   691971021
   0.00000000E+00   0.00000000E+00   0.00000000E+00   0.00000000E+00   691971022
   0.00000000E+00   0.00000000E+00   0.00000000E+00   0.00000000E+00   691971023
              197                2   0.00000000E+00   9.91945500E-01   691972024
  -4.58079627E-01   9.76198600E-01  -5.85421340E-02  -1.93420383E-02   691972025
   1.05203611E+00   9.92094300E-01  -4.58342452E-01   9.76182500E-01   691972026
  -4.98547192E-02  -1.46287696E-02   2.22615167E+00   9.92050900E-01   691972027
  -4.58761699E-01   9.76159000E-01  -4.16086982E-02  -1.01829888E-02   691972028
   3.38043889E+00   9.91994500E-01  -4.59258997E-01   9.76132700E-01   691972029
  -3.36037631E-02  -5.85000366E-03   4.38445278E+00   9.91940000E-01   691972030
  -4.59652757E-01   9.76112800E-01  -2.67100469E-02  -2.13080030E-03   691972031
   0.00000000E+00   0.00000000E+00   0.00000000E+00   0.00000000E+00   691972032
   0.00000000E+00   0.00000000E+00   0.00000000E+00   0.00000000E+00   691972033
   0.00000000E+00   0.00000000E+00   0.00000000E+00   0.00000000E+00   691972034
   0.00000000E+00   0.00000000E+00   0.00000000E+00   0.00000000E+00   691972035
   0.00000000E+00   0.00000000E+00   0.00000000E+00   0.00000000E+00   691972036
   0.00000000E+00   0.00000000E+00   0.00000000E+00   0.00000000E+00   691972037
   0.00000000E+00   0.00000000E+00   0.00000000E+00   0.00000000E+00   691972038
   0.00000000E+00   0.00000000E+00   0.00000000E+00   0.00000000E+00   691972039
   0.00000000E+00   0.00000000E+00   0.00000000E+00   0.00000000E+00   691972040
   0.00000000E+00   0.00000000E+00   0.00000000E+00   0.00000000E+00   691972041
   0.00000000E+00   0.00000000E+00   0.00000000E+00   0.00000000E+00   691972042
   0.00000000E+00   0.00000000E+00   0.00000000E+00   0.00000000E+00   691972043
   0.00000000E+00   0.00000000E+00   0.00000000E+00   0.00000000E+00   691972044
   0.00000000E+00   0.00000000E+00   0.00000000E+00   0.00000000E+00   691972045
   0.00000000E+00   0.00000000E+00   0.00000000E+00   0.00000000E+00   691972046
              199                1   0.00000000E+00   9.91922700E-01   691991047
  -4.75194822E-01   9.75312400E-01   3.07807028E-01   1.74219565E-01   691991048
   8.89055278E-01   9.91954900E-01  -4.76032996E-01   9.75265400E-01   691991049
   3.15326995E-01   1.77912445E-01   2.00305056E+00   9.91960300E-01   691991050
  -4.76465941E-01   9.75240400E-01   3.24084185E-01   1.82234019E-01   691991051
   3.23581389E+00   9.91935700E-01  -4.76462118E-01   9.75239800E-01   691991052
   3.33214910E-01   1.86720277E-01   4.41379167E+00   9.91858800E-01   691991053
  -4.75872752E-01   9.75271600E-01   3.41188900E-01   1.90652545E-01   691991054
   0.00000000E+00   0.00000000E+00   0.00000000E+00   0.00000000E+00   691991055
   0.00000000E+00   0.00000000E+00   0.00000000E+00   0.00000000E+00   691991056
   0.00000000E+00   0.00000000E+00   0.00000000E+00   0.00000000E+00   691991057
   0.00000000E+00   0.00000000E+00   0.00000000E+00   0.00000000E+00   691991058
   0.00000000E+00   0.00000000E+00   0.00000000E+00   0.00000000E+00   691991059
   0.00000000E+00   0.00000000E+00   0.00000000E+00   0.00000000E+00   691991060
   0.00000000E+00   0.00000000E+00   0.00000000E+00   0.00000000E+00   691991061
   0.00000000E+00   0.00000000E+00   0.00000000E+00   0.00000000E+00   691991062
   0.00000000E+00   0.00000000E+00   0.00000000E+00   0.00000000E+00   691991063
   0.00000000E+00   0.00000000E+00   0.00000000E+00   0.00000000E+00   691991064
   0.00000000E+00   0.00000000E+00   0.00000000E+00   0.00000000E+00   691991065
   0.00000000E+00   0.00000000E+00   0.00000000E+00   0.00000000E+00   691991066
   0.00000000E+00   0.00000000E+00   0.00000000E+00   0.00000000E+00   691991067
   0.00000000E+00   0.00000000E+00   0.00000000E+00   0.00000000E+00   691991068
   0.00000000E+00   0.00000000E+00   0.00000000E+00   0.00000000E+00   691991069
              199                2   0.00000000E+00   9.91737400E-01   691992070
  -4.74903961E-01   9.75319100E-01   3.18312137E-01   1.79340110E-01   691992071
   8.89055278E-01   9.91882300E-01  -4.75960042E-01   9.75261800E-01   691992072
   3.26686366E-01   1.83508846E-01   2.00305056E+00   9.91941800E-01   691992073
  -4.76495569E-01   9.75232100E-01   3.35867671E-01   1.88013639E-01   691992074
   3.23581389E+00   9.91937800E-01  -4.76471676E-01   9.75232200E-01   691992075
   3.45138825E-01   1.92547208E-01   4.41379167E+00   9.91612600E-01   691992076
  -4.75665359E-01   9.75274300E-01   3.51328705E-01   1.95444699E-01   691992077
   0.00000000E+00   0.00000000E+00   0.00000000E+00   0.00000000E+00   691992078
   0.00000000E+00   0.00000000E+00   0.00000000E+00   0.00000000E+00   691992079
   0.00000000E+00   0.00000000E+00   0.00000000E+00   0.00000000E+00   691992080
   0.00000000E+00   0.00000000E+00   0.00000000E+00   0.00000000E+00   691992081
   0.00000000E+00   0.00000000E+00   0.00000000E+00   0.00000000E+00   691992082
   0.00000000E+00   0.00000000E+00   0.00000000E+00   0.00000000E+00   691992083
   0.00000000E+00   0.00000000E+00   0.00000000E+00   0.00000000E+00   691992084
   0.00000000E+00   0.00000000E+00   0.00000000E+00   0.00000000E+00   691992085
   0.00000000E+00   0.00000000E+00   0.00000000E+00   0.00000000E+00   691992086
   0.00000000E+00   0.00000000E+00   0.00000000E+00   0.00000000E+00   691992087
   0.00000000E+00   0.00000000E+00   0.00000000E+00   0.00000000E+00   691992088
   0.00000000E+00   0.00000000E+00   0.00000000E+00   0.00000000E+00   691992089
   0.00000000E+00   0.00000000E+00   0.00000000E+00   0.00000000E+00   691992090
   0.00000000E+00   0.00000000E+00   0.00000000E+00   0.00000000E+00   691992091
   0.00000000E+00   0.00000000E+00   0.00000000E+00   0.00000000E+00   691992092
              202                1   0.00000000E+00   9.95118700E-01   692021093
  -5.70789064E-01   9.70342200E-01   1.05117847E+00   4.45610099E-01   692021094
   4.03951111E-01   9.95181800E-01  -5.69745408E-01   9.70391400E-01   692021095
   1.05609569E+00   4.46712798E-01   1.29170111E+00   9.95263700E-01   692021096
  -5.69478441E-01   9.70402200E-01   1.06594333E+00   4.48757347E-01   692021097
   2.82465000E+00   9.95165300E-01  -5.70344969E-01   9.70355800E-01   692021098
   1.08015024E+00   4.51599860E-01   4.53401944E+00   9.95076400E-01   692021099
  -5.71915550E-01   9.70276400E-01   1.09617425E+00   4.54625842E-01   692021100
   0.00000000E+00   0.00000000E+00   0.00000000E+00   0.00000000E+00   692021101
   0.00000000E+00   0.00000000E+00   0.00000000E+00   0.00000000E+00   692021102
   0.00000000E+00   0.00000000E+00   0.00000000E+00   0.00000000E+00   692021103
   0.00000000E+00   0.00000000E+00   0.00000000E+00   0.00000000E+00   692021104
   0.00000000E+00   0.00000000E+00   0.00000000E+00   0.00000000E+00   692021105
   0.00000000E+00   0.00000000E+00   0.00000000E+00   0.00000000E+00   692021106
   0.00000000E+00   0.00000000E+00   0.00000000E+00   0.00000000E+00   692021107
   0.00000000E+00   0.00000000E+00   0.00000000E+00   0.00000000E+00   692021108
   0.00000000E+00   0.00000000E+00   0.00000000E+00   0.00000000E+00   692021109
   0.00000000E+00   0.00000000E+00   0.00000000E+00   0.00000000E+00   692021110
   0.00000000E+00   0.00000000E+00   0.00000000E+00   0.00000000E+00   692021111
   0.00000000E+00   0.00000000E+00   0.00000000E+00   0.00000000E+00   692021112
   0.00000000E+00   0.00000000E+00   0.00000000E+00   0.00000000E+00   692021113
   0.00000000E+00   0.00000000E+00   0.00000000E+00   0.00000000E+00   692021114
   0.00000000E+00   0.00000000E+00   0.00000000E+00   0.00000000E+00   692021115
              202                2   0.00000000E+00   9.94887700E-01   692022116
  -5.71149056E-01   9.70312600E-01   1.06430091E+00   4.48025042E-01   692022117
   4.03951111E-01   9.95118200E-01  -5.70073542E-01   9.70366400E-01   692022118
   1.07098325E+00   4.49747891E-01   1.29170111E+00   9.95257700E-01   692022119
  -5.69750824E-01   9.70381200E-01   1.08150458E+00   4.51882289E-01   692022120
   2.82465000E+00   9.95121500E-01  -5.70627865E-01   9.70333500E-01   692022121
   1.09535523E+00   4.54539762E-01   4.53401944E+00   9.94814100E-01   692022122
  -5.72244321E-01   9.70248600E-01   1.10917070E+00   4.56654997E-01   692022123
   0.00000000E+00   0.00000000E+00   0.00000000E+00   0.00000000E+00   692022124
   0.00000000E+00   0.00000000E+00   0.00000000E+00   0.00000000E+00   692022125
   0.00000000E+00   0.00000000E+00   0.00000000E+00   0.00000000E+00   692022126
   0.00000000E+00   0.00000000E+00   0.00000000E+00   0.00000000E+00   692022127
   0.00000000E+00   0.00000000E+00   0.00000000E+00   0.00000000E+00   692022128
   0.00000000E+00   0.00000000E+00   0.00000000E+00   0.00000000E+00   692022129
   0.00000000E+00   0.00000000E+00   0.00000000E+00   0.00000000E+00   692022130
   0.00000000E+00   0.00000000E+00   0.00000000E+00   0.00000000E+00   692022131
   0.00000000E+00   0.00000000E+00   0.00000000E+00   0.00000000E+00   692022132
   0.00000000E+00   0.00000000E+00   0.00000000E+00   0.00000000E+00   692022133
   0.00000000E+00   0.00000000E+00   0.00000000E+00   0.00000000E+00   692022134
   0.00000000E+00   0.00000000E+00   0.00000000E+00   0.00000000E+00   692022135
   0.00000000E+00   0.00000000E+00   0.00000000E+00   0.00000000E+00   692022136
   0.00000000E+00   0.00000000E+00   0.00000000E+00   0.00000000E+00   692022137
   0.00000000E+00   0.00000000E+00   0.00000000E+00   0.00000000E+00   692022138
              197                1   2.13401917E+00   1.04497100E+00   691971461
   2.54289306E-01   2.52913917E-01   1.03003497E+00   6.51567222E-02   691971462
   1.48069944E-01   3.08333333E-02   2.38290752E+00   1.70815651E+06   691971463
   1.32640030E-03   2.13722222E-01   0.00000000E+00   0.00000000E+00   691971464
              197                2   3.60855278E+00   1.05640797E+00   691972465
   2.74999376E-01   2.42376481E-01   1.03054860E+00   9.16686389E-02   691972466
   1.74407250E-01   2.77777778E-04   2.38290752E+00   1.70815651E+06   691972467
   1.41106415E-03   2.13722222E-01   0.00000000E+00   0.00000000E+00   691972468
              199                1   2.22023861E+00   1.04376086E+00   691991469
   2.53204263E-01   2.51685522E-01   1.03033035E+00   6.50960833E-02   691991470
   1.48025611E-01   3.08333333E-02   2.38290752E+00   1.70815651E+06   691991471
   1.32640030E-03   2.13722222E-01   0.00000000E+00   0.00000000E+00   691991472
              199                2   3.69510000E+00   1.05594427E+00   691992473
   2.76266254E-01   2.41843541E-01   1.03083881E+00   9.16262778E-02   691992474
   1.74366472E-01   2.77777778E-04   2.38290752E+00   1.70815651E+06   691992475
   1.41106415E-03   2.13722222E-01   0.00000000E+00   0.00000000E+00   691992476
              202                1   2.34889111E+00   1.07241030E+00   692021477
   2.52872919E-01   2.48954379E-01   1.03062605E+00   6.48017500E-02   692021478
   1.47967028E-01   3.08333333E-02   2.38290752E+00   1.70815651E+06   692021479
   1.32640030E-03   2.13722222E-01   0.00000000E+00   0.00000000E+00   692021480
              202                2   3.82360000E+00   1.05419943E+00   692022481
   2.46973228E-01   2.40367589E-01   1.03111271E+00   9.13768889E-02   692022482
   1.74325556E-01   2.77777778E-04   2.38290752E+00   1.70815651E+06   692022483
   1.41106415E-03   2.13722222E-01   0.00000000E+00   0.00000000E+00   692022484
              197   1.35290778E+01   9.86867544E-01   2.62515880E-01   691972541
   0.00000000E+00   0.00000000E+00  -2.74000000E-01   0.00000000E+00   691972542
   3.54781389E+00   4.38445278E+00   0.00000000E+00   1.25696944E+00   691972543
   5.81091597E-01  -2.24424635E-01   1.74595865E-01  -3.64053097E-02   691972544
   0.00000000E+00   3.54781389E+00   1.75204832E+00   1.21946919E-01   691972545
   8.73561621E-03   1.49261842E-04   2.07668416E-03   3.54781389E+00   691972546
   8.36638333E-01   0.00000000E+00   0.00000000E+00   0.00000000E+00   691972547
   0.00000000E+00   0.00000000E+00   4.38445278E+00   0.00000000E+00   691972548
              199   1.36233083E+01   1.04600991E+00   2.62515880E-01   691992549
   0.00000000E+00   0.00000000E+00  -2.74000000E-01   0.00000000E+00   691992550
   2.75708556E+00   4.41378889E+00   0.00000000E+00   1.25698326E+00   691992551
   5.63906457E-01  -3.01884497E-01   2.11324256E-01  -6.30515446E-02   691992552
   0.00000000E+00   2.75708556E+00   1.66749895E+00   2.08264377E-01   691992553
   8.68981178E-04   3.02230921E-03   5.29599636E-03   2.75708556E+00   691992554
   1.65670472E+00   0.00000000E+00   0.00000000E+00   0.00000000E+00   691992555
   0.00000000E+00   0.00000000E+00   4.41378889E+00   0.00000000E+00   691992556
              202   1.41216500E+01   1.22844063E+00   2.62515880E-01   692022557
   0.00000000E+00   0.00000000E+00  -2.74000000E-01   0.00000000E+00   692022558
   6.68820556E-01   2.95836111E+00   4.53401944E+00   1.25692986E+00   692022559
   3.90244555E-01  -3.26822711E-01   2.25688560E-01  -7.20340178E-02   692022560
   0.00000000E+00   6.68820556E-01   1.47443237E+00   4.36216737E-01   692022561
  -3.74930548E-01   3.03420328E-01  -9.93479040E-02   6.68820556E-01   692022562
   2.28954000E+00   1.73997015E+00   1.41711464E-01  -2.01574449E-03   692022563
   4.64387713E-03   6.42582304E-04   2.95836111E+00   1.57565861E+00   692022564
