                                                                               1
              207                1  -2.77777778E-04   9.90358250E-01   712071001
  -4.58388006E-01   9.76239353E-01  -7.02228617E-01   2.88136441E-01   712071002
   2.77777778E-01   9.90358250E-01  -4.58388006E-01   9.76239353E-01   712071003
  -7.02228617E-01   2.88136441E-01   2.77777778E-01   9.90358250E-01   712071004
  -4.58388006E-01   9.76239353E-01  -7.02228617E-01   2.88136441E-01   712071005
   2.77777778E-01   9.90358250E-01  -4.58388006E-01   9.76239353E-01   712071006
  -7.02228617E-01   2.88136441E-01   2.77777778E-01   9.90358250E-01   712071007
  -4.58388006E-01   9.76239353E-01  -7.02228617E-01   2.88136441E-01   712071008
   2.77777778E-01   0.00000000E+00   0.00000000E+00   0.00000000E+00   712071009
   0.00000000E+00   0.00000000E+00   2.77777778E-01   0.00000000E+00   712071010
   0.00000000E+00   0.00000000E+00   0.00000000E+00   0.00000000E+00   712071011
   2.77777778E-01   0.00000000E+00   0.00000000E+00   0.00000000E+00   712071012
   0.00000000E+00   0.00000000E+00   2.77777778E-01   0.00000000E+00   712071013
   0.00000000E+00   0.00000000E+00   0.00000000E+00   0.00000000E+00   712071014
   2.77777778E-01   0.00000000E+00   0.00000000E+00   0.00000000E+00   712071015
   0.00000000E+00   0.00000000E+00   2.77777778E-01   0.00000000E+00   712071016
   0.00000000E+00   0.00000000E+00   0.00000000E+00   0.00000000E+00   712071017
   2.77777778E-01   0.00000000E+00   0.00000000E+00   0.00000000E+00   712071018
   0.00000000E+00   0.00000000E+00   2.77777778E-01   0.00000000E+00   712071019
   0.00000000E+00   0.00000000E+00   0.00000000E+00   0.00000000E+00   712071020
   2.77777778E-01   0.00000000E+00   0.00000000E+00   0.00000000E+00   712071021
   0.00000000E+00   0.00000000E+00   2.77777778E-01   0.00000000E+00   712071022
   0.00000000E+00   0.00000000E+00   0.00000000E+00   0.00000000E+00   712071023
              207                2  -2.77777778E-04   9.90358250E-01   712072024
  -4.58388006E-01   9.76239353E-01  -7.02228617E-01   2.88136441E-01   712072025
   2.77777778E-01   9.90358250E-01  -4.58388006E-01   9.76239353E-01   712072026
  -7.02228617E-01   2.88136441E-01   2.77777778E-01   9.90358250E-01   712072027
  -4.58388006E-01   9.76239353E-01  -7.02228617E-01   2.88136441E-01   712072028
   2.77777778E-01   9.90358250E-01  -4.58388006E-01   9.76239353E-01   712072029
  -7.02228617E-01   2.88136441E-01   2.77777778E-01   9.90358250E-01   712072030
  -4.58388006E-01   9.76239353E-01  -7.02228617E-01   2.88136441E-01   712072031
   2.77777778E-01   0.00000000E+00   0.00000000E+00   0.00000000E+00   712072032
   0.00000000E+00   0.00000000E+00   2.77777778E-01   0.00000000E+00   712072033
   0.00000000E+00   0.00000000E+00   0.00000000E+00   0.00000000E+00   712072034
   2.77777778E-01   0.00000000E+00   0.00000000E+00   0.00000000E+00   712072035
   0.00000000E+00   0.00000000E+00   2.77777778E-01   0.00000000E+00   712072036
   0.00000000E+00   0.00000000E+00   0.00000000E+00   0.00000000E+00   712072037
   2.77777778E-01   0.00000000E+00   0.00000000E+00   0.00000000E+00   712072038
   0.00000000E+00   0.00000000E+00   2.77777778E-01   0.00000000E+00   712072039
   0.00000000E+00   0.00000000E+00   0.00000000E+00   0.00000000E+00   712072040
   2.77777778E-01   0.00000000E+00   0.00000000E+00   0.00000000E+00   712072041
   0.00000000E+00   0.00000000E+00   2.77777778E-01   0.00000000E+00   712072042
   0.00000000E+00   0.00000000E+00   0.00000000E+00   0.00000000E+00   712072043
   2.77777778E-01   0.00000000E+00   0.00000000E+00   0.00000000E+00   712072044
   0.00000000E+00   0.00000000E+00   2.77777778E-01   0.00000000E+00   712072045
   0.00000000E+00   0.00000000E+00   0.00000000E+00   0.00000000E+00   712072046
              207                1   2.31388889E+00   1.04497100E+00   712071461
   2.54289306E-01   2.49052899E-01   1.02713131E+00   8.18539444E-02   712071462
   1.61125500E-01   1.38888889E-02   2.38290752E+00   1.70815651E+06   712071463
   2.08837495E-03   2.00277778E-01   0.00000000E+00   0.00000000E+00   712071464
              207                2   3.78842222E+00   1.05640797E+00   712072465
   2.74999376E-01   2.49052899E-01   1.02764494E+00   9.16686389E-02   712072466
   1.74407250E-01   2.77777778E-04   2.38290752E+00   1.70815651E+06   712072467
   2.08837495E-03   2.00277778E-01   0.00000000E+00   0.00000000E+00   712072468
              207   1.35663889E+01   1.23965832E-03   2.62515880E-01   712072541
   0.00000000E+00   0.00000000E+00  -2.74000000E-01   0.00000000E+00   712072542
   3.05116667E+00   4.58419444E+00   0.00000000E+00   1.39779929E+00   712072543
   0.00000000E+00   0.00000000E+00   0.00000000E+00   0.00000000E+00   712072544
   0.00000000E+00   3.05116667E+00   0.00000000E+00   0.00000000E+00   712072545
   0.00000000E+00   0.00000000E+00   0.00000000E+00   3.05116667E+00   712072546
   1.53302778E+00   0.00000000E+00   0.00000000E+00   0.00000000E+00   712072547
   0.00000000E+00   0.00000000E+00   4.58419444E+00   3.42666667E-01   712072548
