Compute S-Band Antenna Angles
Skylark 48
71 2407
4053 31407 2653 2076 35003 55406 6 30025 52155 35003 54156 54163 54745 54746 6006 2224 41 77634
71 2431
24017 11423 77775 1 2156 77634 24017 47471 77745 2224 41 77634 24017 11435 52375 1 2156 77656
71 2453
76521 1720 77634 24017 47623 16401 2405 45326 33412 742 77775 2401 77776 35003 54161 54162 6006 77656
71 2475
16401 2401 77526 11402 1510 1510 30000 6006 77621 15737 77776 6006 744 77776 31237 74775 6 15537
71 2517
11406 1526 34765 55406 5134 1410 46005 35023 4647 24000 1731 1415
71 1016
10001 1412 66105