Raster Scan
Skylark 48
71 3515
30607 55555 65000 55560 35001 54606 54605 7710 176 7710 31 1554 1533 2554 30002 55616 31617 5246
71 3537
1542 7 1616 1554 10606 1551 35001 54606 31621 1576 54606 31620 1576 6 30612 53720 6 30614
71 3561
53722 34777 27560 34777 27555 40000 60610 10000 2 1574 5644 54605 2 5246 1602 7 5327 10605
71 3603
1605 1611 35003 55330 1533 5327 37650 5150 4557 4557 5327 0 764 12574 1604 7722 20 1515
71 607
30612 30662 0 0 0 0 14511 36450 10000 0 0 0 20000 0 14511 36450 10000 0
71 631
0 0 0 0 14511 36450 10000 0 0 0 20000 0 14511 36450 10000 0 0 0
72
653 0 654 0 1016 1 1017 1622 1020 74007