IMU Slip Ring Program
Skylark 48
71 3420
31552 55400 31551 55401 31401 1533 31323 54001 35750 6 5001 55323 34775 6 1012 34774 5246 1445
71 3442
7 3 5220 34776 6 1012 31553 55402 34774 5273 35016 6 1012 11402 1462 1465 55402 31554
71 3464
1453 31231 74774 10000 1472 1474 35030 1453 34765 5134 1501 7 5327 4647 24000 16560 1521 4647
71 3506
24000 17575 1526 35003 1533 11400 1516 5220 55400 41401 1423 6 23403 10067 5165 1403 6 23403
71 3530
5644 70707 5220 6 23404 55277 55300 55301 1521 4647 24000 16655 4647 24000 17575 1526 1404 3434
72
1016 10000 1017 1420 1020 7 3552 1 3553 10 3554 31072