IMU CDU Transient Monitor (4 Degree Check)
Artemis 72
71 2400
6 30033 53513 30034 55514 34772 55370 30025 55516 31414 54334 5314 1372 11162 1424 5402 7013 77777
71 2422
1400 5 40025 61516 10000 40000 67663 64770 61510 10000 1437 1437 3454 34767 55515 31334 74763 10000
71 2444
1462 51515 30032 6 51515 21512 10000 1455 1462 61511 10000 1475 1462 1462 51515 30032 51515 55512
71 2466
11515 1440 30025 55516 24771 25370 3454 51515 31505 4363 51515 31512 51515 54032 1466 2101 4101 40101
72
2511 77224 1372 35043 1373 54003 1374 1415 1016 1 1017 1517 1020 5 2510 77765 2517 1400